3 100 200 0
3 1 201 101
3 2 202 102
3 3 103 203
3 4 204 104
3 5 105 205
3 6 206 106
3 7 107 207
3 8 108 208
3 9 109 209
3 110 210 10
3 211 11 111
3 212 112 12
3 113 13 213
3 14 214 114
3 115 215 15
3 116 16 216
3 17 117 217
3 118 18 218
3 19 219 119
3 220 120 20
3 221 21 121
3 222 122 22
3 23 123 223
3 24 124 224
3 225 125 25
3 26 226 126
3 227 27 127
3 128 28 228
3 229 29 129
3 230 130 30
3 231 31 131
3 232 132 32
3 133 233 33
3 34 134 234
3 235 35 135
3 36 136 236
3 137 37 237
3 38 238 138
3 139 239 39
3 40 240 140
3 41 241 141
3 142 42 242
3 143 43 243
3 44 144 244
3 45 145 245
3 46 246 146
3 147 247 47
3 248 148 48
3 149 249 49
3 250 150 50
3 51 251 151
3 52 252 152
3 53 253 153
3 254 154 54
3 255 55 155
3 56 256 156
3 57 157 257
3 58 158 258
3 159 59 259
3 60 160 260
3 261 61 161
3 262 62 162
3 263 163 63
3 64 264 164
3 165 65 265
3 66 166 266
3 267 167 67
3 268 168 68
3 169 269 69
3 270 70 170
3 171 71 271
3 172 72 272
3 173 273 73
3 274 174 74
3 175 275 75
3 76 176 276
3 77 277 177
3 278 78 178
3 279 179 79
3 280 80 180
3 81 281 181
3 182 82 282
3 183 283 83
3 184 84 284
3 85 285 185
3 286 86 186
3 187 87 287
3 88 188 288
3 189 289 89
3 90 190 290
3 291 191 91
3 192 292 92
3 93 193 293
3 194 294 94
3 195 295 95
3 96 196 296
3 297 97 197
3 198 298 98
3 299 199 99