114 2592 5751 8181 8586 5508 1539 2754 9801 7533 4779 81 7290 3483 729 648 324 3321 2511 4050 9639 1296 810 7209 9234 1215 1053 9963 1863 6561 2187 3240 9882 1060 4447 7069 6133 5699 1838 5548 241 4849 6079 9392 6690 2596 4430 4886 4260 870 8638 1922 2309 913 7857 9029 1923 6645 9138 9276 4217 3267 5770 1889 794 7028 5704 7478 1538 8960 6521 7091 6876 8528 6184 253 3076 6218 5942 8249 5066 6566 9926 4645 3382 9558 8039 9828 3894 8972 5203 4526 5231 6251 7979 755 2244 8616 3722 6699 9281 167 5265 1156 5026 570 4276 7538 449 5684 4820 3757 9542 3190 696
122 8182 325 487 2350 2188 1378 8587 7777 9316 8506 1702 7858 4780 730 2593 5347 4294 6157 9559 1864 7048 6967 9802 7696 2674 6488 3761 733 9390 6886 6774 9399 7916 4558 6881 2302 4364 8355 2182 146 1942 1683 2217 1854 9632 3570 6549 2851 8974 3290 7648 9415 1499 1908 6991 2370 3432 7975 200 18 9872 5315 2629 4557 7595 5030 2827 5894 3413 7998 8621 8741 769 2591 553 9590 7404 6502 8690 5706 1736 1309 3514 9073 7447 6349 1270 4440 4269 5801 925 7054 5989 5219 3828 7164 6281 7225 466 758 5893 8511 4115 7010 5444 4179 6214 9845 3887 210 5247 9291 9203 2880 2979 9968 3224 3203 5065 9686 9386 2578
133 3728 2999 1946 2027 5267 5024 2918 5834 5996 3323 7535 1055 9236 5348 893 8345 7616 974 1865 3485 2432 407 245 164 7859 9722 6239 1217 3890 2189 4133 4214 8183 1807 5390 3937 3791 4240 6087 2379 6543 8558 4693 8223 8711 5613 7875 5646 9277 586 5107 5262 5559 4484 1769 3414 8730 1369 2618 2234 1545 5458 2953 496 2267 8262 9404 8610 1722 4394 1718 7201 6313 6417 848 8013 1558 5896 7570 464 8924 400 412 7215 5158 3207 3883 4654 2105 6444 9329 4597 5402 5433 7040 3991 759 4953 5101 8954 5818 778 1468 1898 8211 5629 6610 9646 2362 1825 8869 8162 6375 6357 3875 4588 9771 394 2308 3714 3028 9213 300 8844 6261 2116 1694 89 9223 1117 6719 5798 6755
135 5187 3081 5592 7698 9075 4134 1218 1947 6564 1056 3324 8751 327 9561 7860 1542 9156 9480 2514 7536 5268 8346 5916 6078 7050 4296 4944 9966 5809 7402 9360 4233 9797 4337 8446 6670 8857 264 1762 8299 6115 1390 9638 4845 7812 1498 9283 1991 8483 8776 2728 8538 3460 5062 7299 6659 877 2966 7483 2316 7111 5505 7645 5838 3180 8286 8921 7488 2497 4763 1747 1952 1467 8076 9487 7475 9024 5584 7060 364 2830 4319 1770 5578 3317 6955 1535 455 30 1123 2510 9441 1784 8158 8688 8728 2809 588 1425 3069 7199 959 4681 347 2762 4964 9498 393 6457 8579 6478 4413 8726 4766 2074 2073 8220 7223 6747 1810 7378 6579 4118 4919 4784 5000 635 6393 6378 280 9366 9663 2176 5633 9948
127 4783 571 2353 2920 9076 2110 2677 9319 652 5188 4 3730 1300 5350 7132 3244 3811 9157 490 4054 1057 3892 5836 4297 5998 5269 9643 1543 2839 6970 6800 3662 4741 51 687 1518 8985 1400 9230 7245 9962 9341 8895 5200 5366 6939 6481 8826 2565 8417 3472 6852 3169 3011 3092 7518 6204 254 1383 8296 1046 3767 5829 2560 4035 5575 58 5021 1697 6890 1808 3512 3125 8160 1190 9162 9250 8207 1896 7457 7191 2840 934 8421 2328 5377 6416 1701 4600 3975 3504 3093 7303 133 5360 371 8145 886 713 267 9594 7031 8200 2798 9083 4342 2709 2912 7110 6639 9910 1918 5329 854 1165 4457 5499 7197 5346 9969 4326 67 7431 7756 7725 9128 2836
117 4379 9401 653 9158 9320 491 7619 3731 1706 6809 6404 3245 329 5513 8834 5027 2597 5108 8510 815 6971 86 4946 6323 1787 6161 7295 3569 8858 298 5856 673 9885 6930 4503 4717 6746 8953 6150 8502 4979 7740 8154 7358 1963 4064 2657 7971 1751 1935 4506 4791 3308 2928 4187 4025 9442 2651 52 1756 3352 187 8677 9644 3889 8942 920 2158 3520 5023 38 2031 5359 6469 4501 9624 9109 5255 1095 4378 6096 9752 8051 3886 6827 3333 654 4547 4828 5330 8084 3720 143 7263 1572 7308 3718 3153 4564 521 3694 7323 1139 999 4181 2003 7238 760 923 5685 7030 779 4672 9954 155 5207 9040
115 2193 735 5676 8916 5514 7296 6405 8835 492 8430 1788 4866 4542 7134 3732 8268 9564 4947 6002 6943 9396 4119 1556 8275 6088 9931 4174 3626 9732 3299 9972 2882 7718 7521 9235 4683 5906 8786 7901 5812 112 9304 7927 4616 2579 8963 8766 2322 1771 8915 7639 9847 7918 4302 7627 6568 955 2897 2735 7194 789 7429 3885 7870 7717 2068 2369 2545 3851 3361 9592 9953 2873 5431 5178 8038 6028 7556 7834 2354 4266 8470 238 1453 2076 6067 7966 9813 4169 1703 7751 6467 9044 1576 6922 1876 259 1421 1366 1059 4862 2906 9867 6826 7462 2272 3850 1028 4078 4969 9741 6883 6158 4476 370
117 3814 8593 2437 8998 3652 3733 7459 4219 5191 4057 2032 4786 7540 6082 7702 6649 6892 4300 6730 5758 1465 1384 3166 1303 3328 1627 2842 7867 6878 6140 9694 3032 3192 39 2117 3870 6944 1520 1201 7217 4633 9974 9691 7797 8631 4283 6660 2537 8597 5141 6535 6932 3449 8037 5306 8723 650 7942 966 5529 5453 2921 3151 739 2283 9824 4920 5485 5817 9889 5740 9085 1099 8030 6156 6386 403 162 715 6434 1723 4435 9397 3055 5879 5462 6559 561 6793 3940 3924 3643 7632 481 8450 8438 2749 7419 8273 4905 4170 1222 6210 921 2024 8257 1620 3067 4398 1076 3897 8366 3139 390 9780 940 7329
117 1142 4706 818 3005 7865 2600 5516 3572 5273 5354 8 7703 1061 4868 332 8351 9080 9971 6083 7136 2924 8837 9242 2438 4544 2218 1588 4971 4973 2519 8184 9529 6850 4718 6185 439 5544 5312 9729 520 1336 2522 8981 2915 754 8190 8675 9495 6760 2446 5343 2962 6110 2038 5922 4071 1001 9746 1552 7914 1488 9045 664 5229 7226 807 7730 9820 7872 7626 6309 841 5530 1132 1459 6129 671 9027 3096 3768 2148 9794 3968 2972 1846 7500 8348 6884 3703 7854 9279 736 1600 1831 5936 6421 912 1354 1337 9145 983 1035 670 8958 1537 7186 7967 9115 2649 8383 8077 227 2636 7411 3141 336 5986
124 7137 333 8514 8595 1710 2682 1872 8757 1143 2034 7461 9405 7380 414 2115 2844 3978 6732 7056 9648 6975 9081 6165 2358 2763 2520 657 90 1386 6894 9243 7866 3492 5031 6172 9609 5032 1265 6362 6084 9172 8454 6101 5958 6565 3905 7482 4756 859 615 5289 3592 6547 9909 6026 1088 1266 7445 4933 7514 3810 3675 3941 8007 1955 4423 4732 6206 4617 7853 9154 9981 5190 8755 4525 3411 5783 382 7818 9784 7118 8385 322 6716 2326 2527 8781 5631 1897 221 697 3527 5145 5782 5868 4218 9289 9084 9258 9008 8078 8882 8793 5486 9897 8962 2776 9837 5326 3307 107 2242 6590 5715 7763 2277 7600 5968 2715 8787 4271 651 933 7902
125 5842 9325 7948 8434 3979 4789 10 1144 334 6247 9568 3331 7705 5923 4141 8839 8110 9811 5113 6085 9406 7219 2602 3007 3574 2521 6490 7300 6328 6004 2278 8920 5761 8191 9244 5437 2440 4384 7057 8060 3707 2533 3466 326 5776 5911 9436 6718 7807 5701 5755 5827 4680 6863 2095 4310 271 9733 2160 9645 5144 113 628 3360 3614 3864 1469 1691 380 4750 8771 8338 5405 1974 5805 951 7128 3015 8527 2610 6808 8263 7041 8969 4802 7037 9195 4908 8548 4520 9557 2484 3155 6708 7795 65 8335 7977 5272 8028 4461 5600 9589 8112 5044 9173 7121 4515 3476 2683 597 1158 1304 6767 6294 3346 4928 6163 1460 1886 574 7389 7747 631 7258
130 2846 6653 7058 173 7949 5276 578 2279 9164 7625 3575 3737 5033 1226 2036 7868 3656 7301 902 6572 2684 6005 2765 8678 9569 9362 5345 2072 8236 2190 8865 845 460 3642 1233 1821 1334 7722 3740 9387 3410 4251 8838 7958 6456 1791 8772 1709 9368 2138 910 8390 7989 4748 9934 4830 6829 8341 6691 2002 7043 8568 5870 5952 8659 5554 1343 7548 6448 3816 1194 7864 840 8980 5098 4139 9031 2439 2102 6721 8743 1527 3087 7885 5527 8749 6274 2291 4474 5759 4746 793 7776 5142 7634 3152 3262 6298 3755 3052 3408 4273 567 8479 6776 681 8611 3686 5679 9504 5469 424 1159 4986 4581 7970 1231 2761 7523 53 610 5773 5284 299 7873 1759 1318 7727 6260 9099
143 3090 1146 9327 6330 9975 8598 3252 4224 3495 4305 4467 3576 1389 8031 7545 7950 6816 1308 8436 1875 417 7140 8760 255 174 3171 9003 4386 984 93 3738 6745 1018 4349 5858 5232 7160 6305 6771 6717 6372 7282 9664 2726 9874 225 804 8995 1550 7571 4156 6838 6966 6642 6617 9312 3138 2298 9328 566 5423 1660 2661 8938 4421 6460 5150 2125 6666 2238 855 7190 8046 7723 4864 1611 1693 2486 8774 2835 5995 9056 4605 6227 8314 8235 3567 5581 577 9432 2571 7003 3289 5307 7456 523 9878 1311 1164 2390 9251 9216 4788 8400 7752 91 7816 5977 368 4985 308 9585 3754 8752 8906 5621 9667 6914 1798 5357 9204 3437 8710 9693 2197 413 8497 2964 1953 3585 7896 7779 8075 6093 2817 206 7762 4585 8767 2686 906 7813 572
128 1633 5035 13 8356 6007 3739 4468 3577 7789 9247 1795 3496 1957 5845 5926 5278 5197 5764 499 94 4549 2767 3982 742 9652 8761 5602 9976 5116 9166 8923 4306 7951 6574 1471 7222 3931 9351 2423 3896 2325 558 6479 1721 2092 9525 7177 4950 5117 658 6491 5420 1240 4954 7825 7317 5854 9053 4425 9187 5727 9533 8672 1237 1196 6292 9057 8718 242 4658 3568 5395 3901 4561 4464 4067 1130 1909 3800 6196 930 9925 9286 4893 4140 9581 2254 5128 6920 3494 8531 8588 4956 9854 5959 2632 8940 8829 683 8513 6698 1326 4667 1133 9526 7961 3618 6200 1609 8955 3540 5807 4687 2000 1355 5483 9050 4858 8803 7943 3434 880 5135 3435 4212 8266 5947 1461
131 662 9977 5927 3902 7385 1715 4145 6413 6575 5441 8519 257 7871 8195 9086 1310 7628 3983 6980 1067 8357 8600 2930 6170 3416 6089 95 986 3108 3373 5083 6625 2907 3964 5891 6326 9259 1236 4485 7623 8603 7734 1813 6637 1032 2853 4414 1881 9389 3427 1686 9445 1232 928 9137 4642 2968 2407 2061 4778 9630 2388 3301 8089 6623 1118 7585 9961 4563 4281 8005 7415 8919 8177 6270 9959 1501 395 5627 3049 4690 1352 6242 6837 7731 6542 5997 4709 8415 7189 2887 2581 9220 5174 8959 7786 1500 9043 1894 6615 1177 2108 2274 131 9052 576 3251 3912 8097 1972 7346 1081 1279 3275 7710 9374 4816 5696 4531 3065 1148 6373 9106 5445 9724 1137 9987 7254 4821 85 8521
114 5928 5361 3174 3255 7143 2040 501 6576 8034 1959 9249 177 5199 4632 6414 8439 9168 4065 1068 7791 8763 9411 9735 2445 4875 6171 9087 6819 3903 2202 2364 1797 84 784 7159 3803 4703 5683 461 7602 6965 8018 4545 7115 6437 7151 1755 1202 7699 7309 6325 6874 8694 9831 4870 1288 9016 8800 6455 2223 5430 5987 6221 7985 7938 8689 4020 1989 5863 768 950 4275 5605 6166 222 9593 8596 9025 9779 1493 7211 7749 2372 1877 3715 3436 5874 249 3963 1209 4704 8498 4566 1743 6993 2225 189 2191 458 2556 1516 798 2447 2865 9768 9887 5376 3815 7766 470 87 4376 5472 8100
127 4471 1069 8035 3580 4228 3013 1636 7468 4552 3823 2689 7306 6091 5119 7549 1150 97 2041 2932 4957 7792 9412 5848 8764 5281 9169 9655 2608 9736 9817 8364 584 9566 623 7414 1815 2166 9671 883 6618 5378 3113 9984 6032 4598 9877 3422 7426 8996 2590 4069 2487 1557 7588 5143 3989 9388 6709 5061 3679 8064 171 1436 2348 554 9275 8264 2994 2960 7357 6180 8929 9010 411 6428 7946 5775 8319 5324 5511 7364 744 559 73 6783 82 5127 3100 2973 6458 1998 3589 3602 4347 4210 1685 2258 7133 166 1466 2433 4227 9363 6113 8833 4455 6075 7972 3687 7539 2345 5123 5978 9521 4754 8010 3872 8362 5716 3849 1634 9193 747 8830 4442 8817 6071
116 7550 8927 3338 5120 8441 3419 7064 665 5687 8198 1313 9737 6983 4472 7145 1961 9413 8684 341 5039 908 4796 5606 5201 8036 1151 4958 5525 8279 5323 4168 6933 9298 8242 7173 7097 9510 1182 5364 6358 5707 1440 8353 3247 2142 3967 9580 5678 9545 8748 9554 876 1353 8682 137 668 7496 8709 3235 660 6011 3441 6973 756 6041 2742 2943 3998 190 6889 8310 6588 9531 8465 9282 4867 5240 229 9718 9812 3771 633 783 6756 3974 3604 4126 2634 9248 3497 7507 2295 6950 741 7597 6040 5615 4934 1944 2089 284 6545 3355 7513 8251 8507 5607 814 1625 5155 4529 2336 9681 1010 6644 9199
128 3420 6255 5121 1314 9333 7794 4230 3258 9738 8685 3177 9657 2772 9819 3663 6174 2124 2205 1638 8118 8442 3825 9090 8928 3906 1370 1561 4264 8399 5339 1824 8517 2371 9485 4844 6340 8305 4446 3987 6832 5115 9241 4792 2136 1246 8332 8328 8623 3674 1041 1062 5788 7320 295 8889 5948 776 8074 5694 751 2905 626 3809 111 8673 6679 3858 4250 7253 9982 9760 5547 3249 6711 6368 2805 4832 1965 8134 994 4576 3646 265 6585 6928 5009 4391 8592 1796 7743 3654 7356 1975 1639 5370 6213 9617 6620 1664 2691 936 7185 5630 3743 6094 9611 2064 120 824 5418 8460 8061 4603 366 9670 8983 3578 4931 4876 194 3857 7656 8674 8617 2290 7409 6066 4130
106 9658 7714 1234 1720 6256 8443 9334 100 4555 181 3745 2692 4798 3340 3502 5122 3988 2935 6499 2044 2287 7147 7471 1882 4312 3571 3531 6902 1605 5124 6818 7620 932 5659 1884 3448 1154 388 9227 2583 6000 9988 1020 2357 4183 9783 3619 6527 4907 3402 5843 8851 8022 7874 1405 6908 7286 5767 1776 9006 4004 5072 956 8347 1187 387 9375 6628 7047 8663 6692 1549 3390 1841 709 3227 3841 2140 3474 4083 1964 6400 8339 8769 4805 2720 6031 307 8214 8297 8059 7879 6051 2071 1042 8993 4668 8133 4045 2554 4980 4637 1441 4889 9518 7278
120 2288 182 5042 9335 3341 5285 3665 9416 9902 263 7229 8849 2531 506 2045 2450 8930 5771 6176 5204 911 7310 8606 830 2855 6014 1559 6419 1397 1640 9254 344 1235 7877 6500 5528 5690 5500 8111 5331 7525 4308 805 4997 6522 2251 1899 5725 9562 4000 6505 4493 533 9999 163 4138 3085 4567 8282 486 3550 2055 7117 2420 8503 3016 7610 3102 6823 5356 8737 4236 3541 2528 7929 4197 3691 1819 6936 6877 3560 1919 276 5109 6334 8014 8545 4752 8283 9120 3891 7655 2489 5919 4700 9454 505 8256 5821 2165 8499 9450 2461 4713 4539 8605 2794 6982 3041 9420 7251 6790 2133 7051 7953 7911 6972 418 6630 5440
120 6420 9417 9822 7959 2775 1803 9660 1398 8931 7392 6501 9093 5367 3747 4800 6015 5691 3990 3423 4962 2937 6744 1155 1641 21 9336 7635 3666 5853 7473 6987 9579 3909 6359 2997 1127 763 2696 6946 9584 4652 7908 6780 7561 2339 2017 2139 792 7168 9603 4458 5277 8131 6289 4601 9353 8108 6984 469 2768 2995 7079 7598 7112 909 6399 7883 666 4559 7988 5682 3318 3543 4334 384 8433 2196 2877 8212 2080 5401 2526 4116 5665 3525 1726 508 1203 4758 5946 6595 6974 5820 545 5847 7338 4205 8435 41 2647 2 3848 4393 3949 9121 1375 5352 3533 7954 2456 6401 2911 2006 2750 4509 7093 7780 399 4656 3099
124 8932 8203 7312 7393 2209 5935 7231 4477 9418 184 3181 8365 22 3910 1804 4153 832 2452 4801 7636 2695 9823 3586 6178 5368 2047 103 8608 9742 3829 8770 1885 5692 365 2387 2862 1427 8813 7061 9294 5351 8566 2769 1802 9619 54 8052 2050 9161 7430 8841 8073 4952 3866 6441 3966 2168 4898 1431 319 1904 4148 9159 9675 4538 8504 3806 5677 4102 1844 1966 2365 5573 9613 9970 4623 7076 9439 2888 2931 3521 6302 6116 472 343 4863 2052 3202 8244 5518 8024 2694 471 4068 6715 2285 5667 6882 3231 7553 5310 4512 1993 905 6860 6355 9941 7651 5447 2343 7178 8669 516 1006 9184 2412 1905 3491 5470 2449 5300 1541 8254 1247
115 752 8609 7232 7880 6665 3425 2858 2210 428 4073 3263 5045 3020 995 509 6584 1805 3992 2534 3911 2939 4478 8933 1724 8447 1238 5855 6503 9419 8852 2615 7394 7313 4316 5612 442 4324 7260 6725 2109 8899 4903 7184 17 4410 6979 3501 7835 4277 6105 3428 3853 2406 589 1956 2424 8768 5446 9197 7017 5732 4416 2294 2945 9573 8093 2913 4353 9944 4976 1007 4897 5917 7126 1725 9101 4365 8469 250 7171 3930 4086 6001 8202 4159 5022 5163 8187 1445 8583 6431 1603 8991 3213 5570 3375 5215 8602 6968 8565 4692 8724 1632 6797 9803 7924 70 7778 6277 8943 4026 7675 6390 9000 8671
150 9339 4803 9501 2859 429 1239 6828 4560 591 8691 186 7152 9177 510 4074 4965 4317 7962 2373 6018 4884 3831 2778 7476 6504 7719 1320 6423 672 3750 5937 9906 8515 7729 1680 5597 6940 604 8708 9527 5373 9842 9708 9144 4288 8642 6190 1671 1739 3030 4824 3607 5510 3695 2301 9471 9180 1395 7757 2282 2507 6451 3215 3938 5118 5881 9462 1566 2693 2436 3945 5029 5327 753 3544 4257 5532 659 7307 4543 2494 1644 4541 1403 2488 3480 5824 4406 4861 600 4890 3417 5534 6039 3146 7738 2086 4058 1948 8639 9167 1692 3453 3710 7687 3253 5728 2019 6900 1063 2127 3232 9344 8550 5288 585 1818 7708 4154 8294 6240 4339 7477 5726 5409 3407 6582 9788 4635 8419 6290 3196 9001 3296 6655 8274 248 8626 1372 1521 5826 4661 3509 9135 1170 4242 5442 926 9068 9615
133 9826 9907 8854 5938 3832 7882 2212 5452 2455 268 8449 2617 4885 7558 9421 3184 1321 9340 4399 5047 3913 9583 430 25 3751 6100 6019 8206 4734 5217 9261 5639 8543 2408 9125 1874 7106 850 7434 2069 5593 7767 115 7832 8281 3876 3388 716 2949 6705 5596 5093 7071 2401 3640 4313 6589 7701 9695 3070 8185 8411 8455 1761 4793 6885 5371 4184 7193 6017 69 8746 2233 8481 228 718 867 770 6842 2075 5112 1895 3000 3658 5332 8907 1929 5311 7372 686 5934 2367 4708 5493 9379 8491 5637 3611 170 3429 6647 4660 7847 9852 5175 3385 7529 7405 8832 5296 962 6841 2206 5736 3034 1608 563 8941 1606 7078 6519 4842 7083 9798 8976 6830 2417 5609 5256 3812 2760 3366 5246
122 9422 7073 8369 5129 2375 6020 7559 4238 5372 9665 9503 6182 9179 8693 7397 188 26 9989 1322 7964 5291 4481 3833 2699 3914 9098 3671 8612 998 2780 3104 1212 5969 5675 4609 8759 3482 192 5790 8086 7987 1699 7221 4085 1282 7838 954 2755 2698 8067 688 833 2679 9800 2711 9356 3724 5993 7311 6964 1325 7085 9772 7063 8088 942 985 6918 8855 8918 860 1477 522 5077 9430 9030 2466 8255 6461 9078 7435 2884 9058 608 5876 7176 1449 4937 3128 233 2377 6310 5194 957 3749 7782 6025 2829 2468 6817 3721 2435 9740 7505 5616 3688 7 2214 7007 9600 9479 6494 2058 9856 6300 7014 128 3917 8106 2478 8288 2175
126 4887 7398 5697 4077 1242 1323 4239 2457 675 3591 2538 594 1161 9423 3753 5454 4401 8613 6507 6750 8208 5535 6912 5211 1080 837 3996 27 4644 3348 5778 4806 7641 9666 8775 1485 351 6669 3024 2415 3405 2471 5693 378 5539 3893 8848 8151 5355 6671 2319 4926 8871 6700 3597 3266 987 4988 5007 6634 2814 7485 9807 541 4942 6538 8248 1951 9862 8657 5341 8495 8393 7599 6910 1051 2135 1623 3564 6509 1914 9761 2838 5392 2587 4390 277 9933 9359 6724 180 5046 3023 2725 8733 1511 8329 5079 9631 3908 1013 8003 130 5739 7745 8529 5643 8731 9494 422 1873 1290 8560 7775 4465 1399 2070 4831 2947 6212 8624 8324 9957 7319 346 1379
120 8695 9343 6103 7237 1486 5131 8128 3916 28 1324 9100 2782 7318 919 7480 2620 1162 8533 9991 2539 7399 8290 8614 6913 7642 6427 8209 1891 1648 9748 2134 5779 9181 3430 352 7075 4483 9505 7691 2893 7484 7712 8509 7072 8241 5888 4359 8585 1502 1679 7183 7590 6706 8615 5413 7665 6424 3133 4304 6578 4221 1506 3059 2614 4697 2051 2628 7759 4092 1299 9238 7049 1682 4453 669 5979 8026 6510 2121 6466 9575 6802 6112 1044 6138 6065 1023 6465 9451 8226 7796 7261 345 2984 9618 109 1021 7737 3904 6462 193 2685 4771 1526 7220 9739 774 4638 1003 7926 5886 6563 960 4993 49 8232 1887 3019 2088 7135
138 9830 1163 1892 1082 5780 7805 7562 9749 2864 4727 6833 8453 4241 3350 596 5456 6266 29 5537 8534 2378 1649 8291 1730 2459 9587 5618 6752 8939 5294 8777 2216 6347 8210 8427 9364 5498 2950 8302 4562 5369 9346 6332 1936 9653 9500 7673 3424 1380 2646 7621 3363 4914 8358 6887 4804 9809 4589 8997 5604 9178 7802 1562 35 5813 7280 231 6573 2119 7359 62 9103 5669 5328 5340 9572 3651 9046 3627 8601 8594 2506 4123 8382 8437 7382 5479 5852 8033 6338 1930 4498 4261 2265 4945 5162 5768 7672 2670 3188 4669 5883 2626 8530 976 3638 8956 699 8627 484 3394 6090 1981 7991 1960 3082 8452 1555 6311 1219 2111 7583 5960 9033 945 8536 8909 1695 5244 5443 5467 8925 6121 4426 5502 2499 6492 3729
140 9264 6591 1083 4161 5943 8778 2460 2622 8373 5133 1569 273 5619 7077 8292 7644 3999 9588 4080 8535 1812 6672 5214 1407 8859 6267 3351 6834 1650 6024 5457 9905 1630 9252 1782 4136 4881 761 2087 6318 1970 6203 8968 3165 6990 3078 4418 6593 3699 1519 3804 1774 5041 1103 7042 7551 6220 5797 3928 4185 5897 262 4647 6941 157 4570 4829 6061 5828 5536 2703 7638 9331 465 676 5517 3648 4164 9654 4998 6907 7314 1274 5038 5756 9601 899 2349 9942 2779 8822 2990 8222 4352 4382 1536 9141 4825 15 9429 4657 4268 7840 8896 7142 8317 1662 4419 3616 4202 5491 8488 5585 6667 9716 9373 8559 3856 2338 720 4629 7011 2718 8121 8431 9391 1031 702 6406 2811 3025 732 9005 2150 3062 2980 5148 6167 534 852
129 6106 1084 4810 598 4081 3271 4243 1489 8860 274 922 1651 5053 1408 9751 3109 8698 6511 2056 7969 3433 4648 355 679 6754 296 8754 2107 5723 3084 4612 8890 1188 9459 9806 1126 602 2619 6678 6219 3044 1754 4860 3554 24 5831 7912 1259 6350 3079 5703 1175 8197 9295 1554 1494 4961 9850 2256 8020 1058 1504 5590 7945 2289 7144 46 4211 5712 8846 9892 9938 849 1050 6895 2498 3698 9764 1969 4869 1153 5526 2275 1512 4256 5614 9183 3045 9055 3145 4291 5216 1705 4532 5428 4070 2752 8132 8850 5973 5125 4254 2185 5945 5321 4460 504 8812 9079 293 2194 4755 3121 5438 9200 8696 9380 1738 4225 4909 6865 8934 787 4196 8230 1114 6186 4981 5850
138 6107 3515 3272 2543 1004 4649 7565 2786 3110 2624 4001 599 5459 7241 4163 2462 9023 4730 8699 3191 4082 518 8213 1409 1814 3920 5540 5702 1328 4325 9104 5054 1490 4487 4244 7808 2057 3839 1976 6794 2901 5991 9146 5425 6904 3409 5689 7984 4837 6418 3596 1870 972 3219 820 4314 9649 2609 1128 4420 8103 4882 5436 674 405 9323 9112 3182 3590 6734 2496 5825 144 9893 9433 6361 9947 6276 7084 8115 6825 7826 1451 9207 3587 4664 8870 3530 7721 9894 6621 3583 6403 3788 7340 4694 3134 1624 4707 4267 6571 1615 2173 6766 357 6540 5082 8544 4698 8176 7668 624 851 9964 4182 2847 5594 8218 6426 9704 5833 2690 9165 8102 3490 4287 2824 7154 8590 1381 5941 2386 4194 8234 9855 6074 6264 5670
124 8376 195 9915 9348 33 5865 7161 7647 6594 7728 1734 4002 9834 519 9591 2382 1329 8700 3678 1410 8457 1167 6999 4650 2868 843 4407 7080 4245 4569 3921 5379 9672 6027 5541 4592 5292 8025 5014 5981 7804 4463 1078 2983 2335 8607 9814 2889 3606 6879 9701 9899 8058 4618 7684 2236 7274 638 2250 1406 6023 7497 477 6856 3796 2381 3365 7032 270 9151 5976 7175 9063 2806 5225 7575 3766 8368 4955 7006 8123 835 2026 8702 291 6104 9626 9062 6844 2546 4357 6723 1033 3647 6784 2441 8747 5227 9036 2419 55 9108 312 2096 9731 3342 2727 2777 7252 8012 2178 6720 3264 9205 426 6551 5745 4577 7669 6142 3797 3884 3556 9004
120 6919 4651 8458 6271 8377 8782 4003 5380 9754 7810 5866 6676 3517 8539 1573 1492 2464 4084 3112 3598 1168 7891 7567 1330 5056 8701 3922 4726 627 68 381 8091 4377 9683 7052 2553 5137 1712 4480 3625 6322 2361 6303 2156 7292 6786 305 5520 6396 9290 9565 2186 7029 1365 6815 3066 3387 3250 5804 237 4723 4434 5286 2572 9310 5161 948 6021 8098 1385 2037 1475 5004 1106 7123 1920 105 2342 4315 1476 5766 5552 8265 3454 9357 4677 8937 812 2517 4719 2525 5655 4014 3336 4594 7613 4176 2861 5198 1681 982 4738 1281 1140 5223 3021 3243 1342 1631 4575 7203 240 4731 663 4930 6893 539 1413 3787 9607
128 3356 6677 9026 278 1250 1169 4166 1979 9512 7325 7406 3518 1817 6839 9431 5867 5624 5381 8540 9917 2465 2141 9350 8459 6596 7001 5705 6758 7892 1331 5138 440 6029 7381 7022 1273 5177 9990 9313 5785 7474 3349 3498 4422 9176 9315 7861 4813 6006 5449 2589 6854 6154 8975 882 2734 1910 9816 6430 1596 4646 538 9280 5674 6925 4160 1783 9544 7316 8065 8019 7941 7104 6288 7086 8402 2363 1524 6474 958 7735 64 6343 415 9995 2292 4850 6570 5718 2948 7836 8811 9465 6168 1339 7581 302 4192 7528 7801 2284 4216 2306 4913 7298 4689 3103 5617 8541 9923 1478 353 4351 1515 4248 737 6861 8564 2411 6263 3599 8224 8584 6577 8687 5426 96 4818
115 5139 603 3843 5301 6111 2952 3519 2304 8784 3762 279 8622 36 9756 8379 4653 765 3114 5625 1575 2871 2385 5220 4896 6840 8217 1008 198 9270 6030 8946 4491 5787 3357 7326 3033 3605 8892 750 5721 7271 724 6341 9960 1255 5481 4659 5673 9556 8141 6737 1414 4321 7894 9038 5001 1613 6524 1753 7923 7674 5253 1230 7798 1618 9857 1210 6132 6063 3588 8125 5904 9014 4395 5202 1293 9437 6554 7243 147 5932 5601 5523 4279 896 7697 6864 4098 8729 8259 775 725 7649 3117 9997 7388 3111 9403 7713 4948 9622 9134 5337 5944 4596 7677 3386 8041 7360 7355 3562 2324 9466 4229 630
135 8380 3925 3115 3358 3682 4249 9514 1009 3763 1900 1333 3439 685 1657 9028 5464 6598 8056 3844 4006 1252 7327 5545 5140 9838 4330 6517 8137 8947 3601 2548 9676 6805 2474 6873 4121 9610 2479 4744 5860 2368 5063 2908 6633 6195 4143 7493 8044 1094 3704 6425 2093 5316 1760 5037 9651 1903 2660 5149 7012 3322 649 1799 7095 7761 8618 3659 5100 9710 6929 3314 5662 5988 8140 1387 2395 7410 4701 4112 2848 5930 7821 3018 3486 4178 5151 6235 7371 5363 6959 3421 7922 6273 260 3403 2162 9211 2315 6188 8670 3163 6898 9799 5640 1479 367 8500 1000 2132 1568 7269 3741 6080 3664 3442 6144 6058 7158 4679 335 6727 9453 8867 4505 3404 5103 9519 4172 8573 7974 2741 6295 9407 1591 7830
107 5060 1496 362 4655 9110 1577 1253 8219 4331 8705 9839 7814 2063 3359 9920 8138 3683 7652 767 8300 1172 4088 9677 9191 3278 7166 1820 3845 5384 9272 2630 6518 7328 2954 6275 7895 7976 2144 7850 2384 3813 9571 7693 1497 119 9965 3345 9927 7322 375 2221 5019 251 6053 4739 3994 9185 5929 1402 9918 6753 2606 7027 3344 6376 3566 8448 9757 321 4110 5811 8825 4608 678 3162 5738 5451 2981 9586 2730 6070 981 6208 1711 7817 8828 5496 9879 2611 1943 3130 5871 1214 3353 8804 4452 2081 9094 2561 1934 9582 9548 7827 5132 8423 3726 7479
135 2226 5304 7005 8625 7248 9354 8139 2874 3198 1173 5709 4089 6681 4008 1092 9678 8301 2631 3603 1740 6924 1416 4737 9516 1983 1335 6843 1902 5385 8706 7491 8783 3239 5181 4674 9082 4835 677 3867 2237 3532 1659 6059 5567 7917 2502 8992 4494 4639 7377 5238 5921 1772 8713 780 806 4625 1338 9522 161 1704 5589 8650 971 8194 3330 3536 8567 6314 7002 8085 1149 4604 2704 1893 9898 8801 3080 8762 7657 9647 500 4322 6248 8668 3653 401 3309 154 7163 6076 8161 5506 2131 4640 8487 8049 5970 8569 637 3632 8957 4253 6641 5078 1284 1434 3895 7138 9365 6804 4076 9674 2958 6409 447 4871 3064 9239 8171 6048 3131 6569 2664 9322 4299 9547 2090 2128 1227 4424 2431 2307 175 9502
137 1012 5224 3118 40 1984 3037 7654 1822 2146 3523 7330 6520 4819 5710 1174 445 8788 1093 121 1417 607 5386 4252 6763 6034 3685 2065 283 7492 2389 5791 5872 2551 7978 9355 9598 8707 6601 4171 953 7520 2697 6651 6915 483 8961 3584 6408 4142 1505 4678 5719 5218 7336 8311 8050 2269 5398 3770 3233 6327 2201 4344 7935 3022 8926 4204 2268 7204 7153 6291 7890 1195 4311 1912 4380 1224 1860 907 2536 8462 8913 4443 2059 1673 3734 7646 2261 8493 8426 8280 6556 9705 2951 1626 2252 7755 869 7172 4103 8384 7025 7116 1949 9107 7815 3176 6141 6735 2916 436 5644 1228 6060 2978 4823 5994 9069 7862 5837 9123 1816 4402 8331 2987 5157 9461 339 4951 8874 2280 4274 5983 311 1590 1183 8079
125 4415 5468 9113 1742 8789 7898 4901 689 3443 3281 122 8951 6683 2795 2876 6764 1580 4496 7250 8546 3929 9680 6440 2633 5873 5711 3524 5792 3418 9376 6614 287 6 5089 2451 7955 1656 7897 77 4448 3676 3593 9196 386 2746 6192 8466 2347 7470 9884 4699 6512 2137 7408 2713 1306 6173 9015 6957 2329 3193 8350 3944 4125 1867 9795 1996 2552 2049 617 9265 682 515 1262 7515 7401 6525 179 6259 6909 6199 6777 3487 9018 5293 2030 8270 9337 2963 6364 1017 8130 6858 8276 6567 9096 1668 5681 6077 9886 108 7606 1319 479 5591 2155 2470 9381 8386 5353 4075 78 3830 6109 1455 7270 2434 6695 790 1026 5650 2650 8552 5071 3248
111 6684 1176 1581 6927 5226 2229 4740 204 1419 2472 8547 7170 7980 8304 2391 4011 123 690 6360 6279 6198 285 9762 7413 7008 7494 9843 9438 42 6603 5494 5282 8950 6506 7982 183 1120 1950 1551 8628 480 4960 5622 8630 6282 5695 3697 1289 3776 3459 4925 1917 6442 7425 4177 8750 8478 8945 3259 6415 3934 8001 3105 2856 8524 2866 9119 1394 4774 4293 4614 5412 3185 3398 1733 6581 7629 9642 149 3511 1525 3027 7444 9628 2613 5092 1658 6689 2568 7157 1589 6471 6806 3364 328 9493 1676 8779 2955 7368 7374 7352 2774 6230 4785 116 8126 7210 6813 6365 9155
124 9844 2149 4822 3526 2797 4093 5389 5146 7819 4579 1096 7090 529 205 3445 1744 9034 2473 448 6280 5794 853 4336 43 1582 2635 1906 4012 5875 2311 8791 6685 3283 6118 9551 8440 6792 1364 9410 4975 1732 5495 4278 7004 4507 6262 2821 379 8179 606 1391 6636 2475 1749 5450 6484 8572 8738 9171 2601 5680 9945 4630 3819 5910 9692 4662 6246 8648 9908 5043 2118 9427 1643 5264 2245 2515 3736 5735 6807 152 5049 7059 5543 6650 5733 9117 3246 2123 493 9870 7724 5698 1198 5335 4235 4521 9983 4486 8620 2688 2766 3051 8463 9517 8647 1741 4992 7579 5403 1291 2625 5025 6064 4135 3094 7354 2891 4522 8716 6498 6761 565 9435
118 7577 5957 4904 3608 3689 5147 125 2555 5309 8873 7658 4580 1097 5228 8468 1016 5795 3446 9440 9116 3122 1340 611 692 7334 6848 5471 2393 935 7820 8063 4518 3513 8549 5249 7439 8464 3268 6231 178 2078 3847 5382 6958 802 5299 5747 425 3200 9492 1450 8354 8522 9876 4977 9245 1901 5492 3976 7180 1301 7353 6387 5394 1136 3969 2971 9774 7726 7889 7803 573 441 4534 2203 3927 3582 514 1924 9428 8307 6363 4621 1134 3447 698 5574 1278 7547 6977 6254 552 8342 5810 132 5918 9170 4144 7785 4015 4548 9546 1377 5474 4742 9035 427 1809 4811 916 6108 8526 2359 6583 7617 5455 1794 232
122 1584 5067 7092 9765 7578 45 4743 3528 5877 4338 2232 5796 7335 3609 7659 3042 1260 1827 3690 288 6201 2799 3933 6687 2313 6849 4500 9846 5634 3285 5391 7416 6606 3123 369 1341 9198 1503 693 4095 1932 7386 8045 2399 1104 5742 2352 7489 6981 817 8277 8518 2143 9567 1388 6602 9904 4061 4488 2860 2513 5302 8238 6728 3668 8474 8119 943 3086 8216 1358 1687 4593 9919 6463 4328 7704 150 4374 5914 4173 9912 9424 9330 6759 1789 7262 3932 8258 4473 7742 548 489 4033 2077 838 714 5814 3098 2402 6597 9478 6743 3744 4262 4963 7291 861 5572 6496 9032 4362 740 6228 9636 421 2404 4298 8505 3183 3050 3778
121 8227 127 3529 2800 9037 3286 7903 3367 9604 1423 7822 532 451 1261 4663 3610 7417 6688 3205 3043 6283 9766 6769 8389 9635 3971 5915 6486 1484 9486 6580 6250 1517 3510 6097 6782 8842 2733 6851 4470 8472 4303 3288 562 8422 211 3279 4373 939 2793 6812 3053 9142 1420 8114 9065 8090 3952 2603 6136 7900 9302 3241 4519 7428 9077 8083 734 7495 8295 2825 3943 7842 8371 6353 2179 2184 5275 5134 9160 4101 9470 3178 7501 6663 2976 7695 5595 7530 7182 8475 2207 5648 9537 4286 4915 8651 8967 6285 5184 410 348 1731 3634 3673 914 4924 8719 5933 4358 7181 6629 435 3871 8988 2443 376 990 9978 1523 1954
107 7904 7661 4745 6122 614 8471 4097 2396 8066 9929 3368 8147 6284 1100 938 695 1424 2801 9443 7094 9767 7337 6446 9524 8876 3854 5393 3773 5717 857 8714 9314 7486 781 2053 8252 6654 2403 1939 6370 6608 1429 5059 3010 2299 949 202 4857 5786 9114 4462 5561 7833 9700 9744 1401 8810 5713 1793 102 6562 9488 9306 9745 6169 3807 3234 6820 9763 1090 3506 6098 9467 542 5658 4911 8261 2249 5114 2676 3873 1781 2996 6337 8914 6998 2790 2788 9900 9186 1211 6010 3573 8773 275 2580 3119 7574 8901 9051 8021 3834 7000 1077 6847 5598 3838
115 4665 4827 4341 8715 129 9687 3369 6042 5313 1263 7905 8553 2235 8148 48 2802 6609 7662 3126 2883 3936 7986 1344 453 1587 5070 7257 6366 777 2721 7824 2154 1604 6513 6384 2503 6209 3542 6508 4165 4044 3197 2273 7188 6243 846 8109 5055 1548 3372 8315 4599 1005 6331 2428 6768 1637 8480 8589 1223 8765 4826 374 6555 507 281 4989 9190 1002 3972 3868 3438 4038 3156 1708 3655 6714 1700 4062 5846 7934 6600 3777 642 587 5729 973 2616 6447 8169 4456 5064 3669 5087 354 9066 8840 8002 1483 185 2491 5538 6016 3377 4573 2532 6244 2940 2857 3546 640 1125 1916 1312 5429
126 616 8392 8149 2398 4099 4018 6205 3046 454 8554 4504 6367 4990 8068 5962 2965 5800 8635 1750 3208 3370 6772 1102 9769 7663 373 7744 1507 2722 7582 2738 9007 5608 8327 1530 8619 4670 9473 1305 2469 7907 4729 4056 4941 3217 9293 3888 5478 9385 9262 2227 9477 2736 9985 2043 641 5196 5417 7350 349 9202 7033 8537 5290 3919 3600 9659 773 5075 502 6859 1958 3775 3613 2243 7512 4397 2360 1074 8676 8284 1826 6339 6175 3075 4433 9650 9490 6557 2942 4289 590 6976 4226 7024 609 6646 2028 2297 897 9528 377 7127 8101 8229 234 8570 7458 3835 5085 8489 398 1193 977 706 2652 1836 537 3503 5835 3794 7543 5497 710 2106 8011
131 5963 8879 1346 8555 5882 2723 4343 7421 7259 536 5720 6125 941 8636 1994 8150 4910 1184 7016 8069 7664 4991 3371 4586 6044 9446 3047 9851 2480 4019 9932 7502 9229 7650 7044 8312 1089 2627 2701 66 864 4013 3746 4615 433 3269 3004 2293 3237 9891 3036 712 4982 7293 2605 6926 6493 7436 9131 9832 6452 5180 6762 7527 4523 3056 3644 5553 7593 7563 3450 9347 6272 4984 6193 3772 5476 5512 7208 6145 8057 3209 3817 7387 8866 3189 2758 203 1714 432 6592 9661 6346 4836 9153 5206 8847 2260 4032 3959 1287 5515 4611 2164 4855 8473 503 6846 5298 3426 842 8096 5153 8094 3475 8721 1371 1199 9002 8532 1447 5583 2199 1245 5568 4396 1048 8681 3060 5193 1533
118 4587 6207 7503 6612 3615 1995 7179 5073 618 7422 5397 1752 2724 7746 294 9447 7584 1428 5964 8070 3939 8880 3696 456 5154 6693 6531 6127 3391 7275 9955 1037 8843 5760 8467 2872 7361 8178 5016 579 2341 1890 7788 1677 8204 7407 827 197 6605 3826 6191 3035 6658 3942 6558 5271 7837 6978 9539 2869 6472 4409 8410 1145 7736 728 4450 8387 1786 1382 495 5427 1845 2004 569 9150 7781 5241 9297 9509 9352 2172 1835 2902 4878 4540 1327 1839 2747 6995 8167 4892 172 7088 3631 4921 7277 3335 2621 7828 292 8965 9061 979 7931 9511 8999 6703 3882 4716 4175 9719 9888 8009 8429 9218 4198 8375
116 2320 1348 214 4912 5317 2563 6694 9853 1186 6613 8476 5560 8881 4021 6532 3292 2239 5722 5641 1267 457 7423 1024 5965 7666 3535 862 7504 9124 5074 2644 9560 4583 6935 3633 748 2012 8267 272 2220 7689 7206 7192 3039 2612 2334 0 1674 3977 9688 4405 3957 2383 1728 1879 4436 4720 2177 3670 9092 1124 6710 4528 9457 478 8878 7268 2785 9513 5949 5358 340 991 2837 8192 772 6765 1785 5028 4619 9326 9425 1040 568 156 4511 6657 881 4627 2705 8886 879 2509 316 8864 1412 7592 7395 8201 3284 9400 2885 2084 6234 1829 1567 2707 8409 358 7200 3594 7784 7446 9072 583 9175
137 9287 3779 3374 7910 5885 6047 3212 1592 701 2645 2321 7424 7748 1025 9530 782 6128 6938 9206 8153 1430 5966 8072 2807 5642 4346 6533 7829 1997 2159 8396 944 9773 620 3455 4427 1349 4265 8245 3493 6781 8853 1599 5521 8237 9597 7888 7288 2257 14 8562 5013 7113 2936 9930 8318 8712 301 884 1602 4888 1849 8412 2559 1843 771 2259 2900 7981 3881 6831 7603 3579 8081 9992 918 6867 5182 7304 3907 8990 6410 8861 2495 7013 7109 8080 9922 2222 6055 6194 342 2892 3124 9789 7391 3855 4859 7569 9300 9998 7933 4891 4610 6187 9022 3818 828 4770 4970 7141 2542 816 1971 8372 3325 4899 8978 3228 4736 9 3173 9808 6102 4799 9698 3210 2585 8805 8814 7534 9460 9996 3742 6057 5840 5034
127 3537 8640 3294 459 1593 3456 216 4671 8397 1350 9612 9126 9369 5967 2079 4104 2808 6534 7587 5076 4023 7101 540 1107 7992 3780 621 5724 7688 1866 8692 2318 3973 3711 444 1672 7772 6616 6810 8795 7637 1663 5400 9271 947 811 4949 6668 3846 5404 5507 2598 4702 6652 4454 7267 4113 5909 3291 9840 3820 5084 4222 6225 1437 7074 1652 5396 4432 5334 1748 2523 7246 8326 6989 8152 8979 4036 9734 9332 4711 5762 3798 5297 8092 2060 5237 1968 2789 5475 8666 1317 2067 1927 3836 1225 2518 9890 4795 3334 3 5839 7947 9278 1828 3187 5992 7236 4918 580 3073 1022 6454 6514 4213 8884 894 9869 246 2586 1411 2550 8233 8922 4400 9269 1091
128 2485 1594 4834 3862 3376 1513 3781 9937 2566 3457 8722 7831 7264 4348 7750 1675 4510 1351 4591 3295 865 622 6211 1837 5806 5563 1189 3700 217 4429 6778 3538 2323 1108 1999 9127 4753 6049 5887 1432 2927 4595 9240 2351 4974 2687 3617 7174 7557 8637 1029 4546 2926 8367 1438 2512 7131 766 497 738 4724 5320 6523 8516 5746 5884 5279 9122 749 1806 7233 8199 1470 9815 2483 6038 5861 5111 2944 6439 3326 3900 4536 34 8221 7915 7427 8071 1790 1015 7739 488 6464 4190 9538 2896 8015 6369 1487 2394 6586 795 8054 6073 6324 4034 1269 8193 8604 1192 330 1418 4051 7611 4996 2841 4761 6181 5091 8720 2082 7266 8575 2717 6473 8697 1105 6119
118 866 2567 8966 2810 704 4673 2648 3620 56 6131 9776 3782 5564 8561 5645 8885 1595 9047 9209 1514 3863 4916 218 3458 7643 3137 2922 3539 3380 2317 6662 1243 1532 9916 5752 1178 4124 5889 8395 7983 409 306 7376 7537 4053 5212 555 7230 404 3038 2909 6232 5102 3824 494 1268 383 7167 3837 3624 1138 8987 7768 6306 2759 9753 531 6249 556 9118 8231 2266 9640 1071 6992 7711 691 1529 1746 2890 3860 7284 6342 5234 7451 2886 1426 4983 1547 7856 9318 5097 6799 2879 8424 1463 9507 970 526 8944 6607 2310 7305 6775 50 7331 625 7522 5261 5781 2477 6814 8271 2974 7235 3681 6398 6530
118 3135 4188 4917 1191 6537 5808 9858 4431 705 1758 9129 57 9210 8157 219 3783 7995 5322 7671 6942 462 8643 786 9534 9372 4107 3621 9398 8309 7373 9570 5864 7564 4807 9750 2120 446 3639 3951 5058 80 1832 3558 6335 9483 4940 3029 2719 8797 700 4100 3984 1271 8136 9939 7454 9728 4292 1857 7344 5951 7098 7255 7878 9711 23 8525 4024 3256 5822 2524 634 1871 1049 6661 839 7720 8105 3014 6356 4747 2208 7021 1244 4388 3499 5546 2200 4146 2355 5522 9673 9497 5338 4927 5950 8717 11 7418 8146 1563 2458 8742 2594 6891 4995 2702 3311 6742 891 4705 20 6117 1422 7844 4502 2215 5186
116 9535 9697 8239 463 8482 8887 1840 4675 7591 9940 5566 1597 4108 4999 7510 1921 6619 6862 9292 3136 5242 1678 139 3946 8563 8320 9778 2812 220 4513 5080 3622 5647 3505 9074 3270 2397 3899 1578 2376 7384 9367 903 9883 3489 4437 2967 3120 8872 5160 6253 898 3507 8736 4843 7150 3981 1560 1986 1564 6226 6680 4722 6682 8117 5270 7198 3008 5434 6159 7487 2956 9747 4028 9641 6432 7324 3559 2380 6126 3467 5205 931 6857 3006 6352 821 3379 7053 6286 3898 4853 6099 4063 4403 258 5308 5772 4906 8520 4602 3765 6897 1393 8287 8174 4060 3451 9288 3339 4370 7068 4162 4495 1248 5961
130 3785 8888 2570 9455 4838 4676 1598 6539 9536 9860 2894 7511 3623 5243 6377 8321 2246 3461 7754 9212 7187 5081 3947 7997 6215 788 4757 8334 7773 1433 7508 8124 1462 1973 9143 6238 8303 9255 5183 7448 4497 6526 5849 8875 1737 9361 2153 3315 7062 5832 4199 8444 6741 2642 5555 8904 8912 924 8155 372 4027 438 5461 8883 2680 2330 3827 3343 4201 5519 2151 2230 2666 4295 8823 1464 6052 2204 8903 8359 5259 169 7390 8806 9468 7102 1075 3127 8027 9474 2540 5765 1473 7205 9679 1166 9973 7716 1653 9669 2712 6183 6333 1038 8381 3396 1621 1034 3822 9111 9770 3985 5632 4666 4301 2231 9201 1757 2845 6046 4094 4972 443 524 819 9064 595 7148 2925 8107
115 3300 8727 708 3786 3381 4272 4029 60 5892 5406 2085 5649 8808 8970 3705 2490 4191 5730 1356 1113 5325 6216 8484 9861 5487 7107 3057 6480 2946 5955 3218 7342 475 3431 8156 3175 1880 8824 2129 7315 6779 7940 7081 289 140 3204 613 3172 8308 7887 2716 6160 7631 2482 5557 4072 8313 9994 5501 1185 3508 969 4246 2066 6948 1735 3106 1332 7087 1221 7015 2737 9859 8378 684 7823 831 8725 4215 7321 2167 2429 5422 3500 5283 6611 4445 6722 431 6916 7993 9993 9345 1087 8240 6548 5068 826 4775 745 6587 721 5789 2544 2035 550 5531 468 2638 6316 3083 3880 3276 6402 3164
133 7594 7999 3463 2248 8809 5002 4840 4354 2815 5164 7351 4030 5245 952 385 7432 9781 3706 6541 8485 142 3220 5731 223 9133 2005 4759 5488 1276 304 9523 4794 6443 4686 9755 1509 9880 8278 2783 8428 6433 7345 5611 2054 961 5784 4578 7400 8633 5448 8168 8451 2126 6345 1646 2270 6374 5466 9449 6497 5052 1302 3712 4010 5905 2991 3401 7240 19 6179 1415 3478 5274 4556 4131 1622 1481 8391 5159 6062 4147 7965 4624 4152 2977 452 3206 4847 9349 5213 1256 5094 1197 3961 3332 6869 2180 1357 9606 8644 31 3649 8456 3201 2099 8159 7070 1112 9393 2530 7105 5524 9285 2022 4059 9818 5280 338 6787 7679 136 8802 4880 7452 6383 9253 4375 6697 4714 5754 8900 6143 9189
115 9458 2573 9296 8486 4193 9215 3302 224 2816 1925 1115 5489 6299 872 3140 1763 9377 6056 4355 4922 6137 8891 6866 8000 7676 9782 7433 629 9863 3950 5408 1439 4517 7919 5975 8243 8649 6903 3089 1570 7227 5686 4527 4634 1307 8704 9684 6945 929 8807 3337 8361 4137 2112 168 5374 2147 5210 350 8683 8322 8189 3756 9595 7863 4833 1727 4894 4809 6921 9148 7455 8581 1258 844 656 4031 2764 4345 9596 2219 1070 3225 6835 6202 5925 1171 1043 7855 5050 1216 4613 5753 9472 9792 5741 997 2708 9924 8135 9246 476 247 2849 1612 9338 3464 8936 7146 9543 731 2333 243 1435 1610
121 8406 4923 1359 2655 2169 2898 2493 5490 5571 2331 3465 9621 7758 7839 1764 7272 4356 711 5652 1116 9702 8082 2574 9540 8325 3708 3097 3116 4106 8166 5222 2975 2163 3179 1926 1868 2430 8576 1990 7683 9868 2467 528 632 2549 1777 5036 646 8336 7869 6257 2564 7341 6906 3399 6317 7920 5551 6560 3962 762 9426 6380 6824 8556 8831 2878 7589 9730 9946 5006 5362 9775 3287 1670 2739 9903 7996 5152 2875 5236 9936 5668 8323 7465 8646 4959 7420 2228 7096 8780 2770 7347 1811 5902 5803 8250 7604 3760 6045 1745 1027 7453 4935 2014 4016 8253 44 8911 7692 6923 6003 3214 8293 7100 3012 7694 2421 5439 975 9835
128 7273 7678 6139 3061 3709 3142 3790 2575 5086 5653 7516 2818 8164 4762 8407 4438 9217 1765 6949 5410 2413 3304 8893 9136 2899 6301 226 1684 5167 4389 9633 7026 2623 1540 1833 3048 3948 6477 917 1717 7279 3383 2276 4938 2751 8047 3799 1855 6344 1085 5130 3282 406 3257 59 5890 2020 4537 5195 3229 9233 6197 6389 2305 75 3310 8129 6604 4111 6836 887 5972 6696 8062 8142 282 549 4767 9821 8577 1014 3167 9980 7294 5421 4902 7605 5708 3303 2281 4721 6739 6152 209 4327 1945 4524 7460 16 6515 9464 9725 6845 8863 9620 7764 2157 7379 7213 8665 9508 6297 3792 2604 9614 7586 4568 3469 2042 4781 9268 2104 8180 2476 3261 4797 165 2405
114 6626 5411 7841 1442 2009 9623 1361 551 9866 1847 1766 3143 4439 4682 3305 7517 2819 1928 5654 389 875 3629 3953 6707 2414 7760 8246 5816 8165 9785 8732 2171 2671 757 3412 8104 5562 9482 4206 6748 1208 4047 823 3040 158 7640 7709 2673 286 5895 3222 8055 1251 2356 7881 6956 7302 5171 3329 8679 6229 7218 546 9578 9787 5924 3484 7332 4259 1079 1792 9260 9256 4263 4149 2986 8186 3406 7741 6947 61 1801 1152 892 4574 8753 5473 244 2303 4590 9409 2409 7366 9102 8247 3194 3565 4009 6701 7937 5920 636 2787 1851 9174 9759 1482 12 1404 2773 9011 2919 1823 423
111 2091 6870 5169 5250 1443 7680 8490 8571 6627 2577 1362 9219 1119 3630 4764 6951 6222 8652 3954 5088 3468 3306 7437 2010 6546 309 8004 4150 4055 4643 6435 3462 989 9408 3752 4636 450 7568 4490 9506 1491 4232 7667 1977 7546 1571 1962 2867 7412 3808 2881 8667 1628 871 5257 1272 5953 9188 9896 1275 5248 4712 1086 4710 7369 1531 9273 8935 5651 3935 6120 6429 8836 4873 2658 703 6482 1111 4318 3878 2018 3918 6043 5990 9342 7333 5851 7913 2678 7009 3297 3159 3645 5757 6037 9758 6162 4005 3479 359 8374 1229 7765 4151 517 3452 5192 5314 7499 6436 9689
127 7681 4846 7114 1444 5656 5008 9382 9949 7843 5170 6952 1768 7438 391 6871 6304 3874 310 2740 8653 796 8734 3955 7519 5899 4684 5980 148 1039 1655 2941 9105 2312 7065 1457 5844 6422 7089 3865 9021 8964 1283 4571 4234 5040 1911 1690 5671 8910 7207 498 9723 7555 7242 9267 2569 2714 6086 5435 2508 9481 6788 2448 9012 2463 1446 2640 6412 5105 7707 118 1294 856 5908 946 6624 7375 7618 2607 4879 4157 5048 5912 592 6516 7162 6459 5688 2001 8977 8405 3993 3672 9576 9685 7921 7039 6726 2557 6536 544 800 3719 7793 9237 9070 4186 9520 4856 3702 5136 1861 7239 2784 9935 6009 7936 9690 8798 1546 2969 1775 4381 2296 6371 261 3793
117 5090 3713 7682 9383 3470 8492 7034 1121 2903 6872 2174 8654 8816 9950 4037 6224 5657 797 6791 8087 8330 3389 7925 8006 5576 1850 9707 3551 4685 7601 6953 230 5252 7196 1688 1931 392 2731 7256 2211 2929 707 4790 74 8113 5168 9515 9371 4189 8790 4408 8170 5165 4052 3840 7799 8116 9394 1716 9009 2500 9499 6997 8971 1179 1579 3238 3211 6599 3759 83 3661 5956 2410 4350 5533 4361 2122 3980 8289 9476 7994 4768 1987 176 9139 9182 3612 8785 7576 1967 8163 2454 6013 4387 6237 3488 764 2639 6986 5156 8542 196 8394 6151 8029 3129 7244 3534 3273 4007 4943 1629 7973 7383 5003 6896
111 4848 9951 5577 4929 6954 3795 7845 474 2823 5982 9222 3471 9060 2418 5415 7035 5010 717 3147 8898 9303 9627 7440 8574 6468 547 2444 5110 7214 1456 3362 9827 2804 6483 3009 5931 1298 4760 7939 2781 9020 3923 4441 3680 5387 6348 722 4475 1853 619 9444 482 8902 1667 5623 9163 1985 6855 9221 191 5898 5251 8656 9848 9088 6287 8316 8796 9489 3199 8756 7339 601 6736 5859 6241 9054 7790 7082 6354 7614 3926 7580 9726 141 1180 7247 9232 6114 9484 5414 2934 727 7212 8845 2643 63 7396 3758 1553 5749 8408 527 6450 4479 7498 993 1635 467 7066 6470
134 3148 2662 5173 4606 151 8413 2743 4363 9871 6712 6631 799 4120 1852 6388 1204 1933 4039 3958 1285 6550 9709 8818 6307 7036 5254 3877 5011 6544 4340 4728 7463 3444 6673 5482 1110 6336 3186 8225 5954 3293 1254 1585 6822 9913 5815 92 5349 9841 110 8735 8401 9602 4715 868 813 9810 3195 3101 4158 512 2792 9384 2826 7343 2062 159 7532 680 5901 901 3859 1642 7633 6674 1122 4155 7149 4411 8856 4787 4551 4895 215 3298 1065 643 6278 356 3058 6749 661 8897 2813 5126 8370 7099 1834 3956 314 9452 2161 4533 3852 1157 9192 434 1888 6123 2850 4255 4782 5748 8205 2253 2576 8196 4631 5913 3031 9727 6931 6035 7283 6789 4087 4258 6485 7165 2895 6985 9132 7715 9829
131 3716 5579 9629 2582 6146 3230 3635 4607 3392 8819 1448 71 2501 4688 3149 5336 8333 9791 2015 1367 9305 2663 1205 719 8414 5012 2744 6632 9224 5660 6713 557 3068 4040 7811 3995 4815 8352 4482 2337 5383 5460 9616 7630 2653 4105 7615 1913 1713 7552 4066 8917 8994 1698 889 9284 7753 8645 6770 4932 5582 3157 6382 3354 655 106 4223 3769 9402 2263 7472 2366 7289 1363 4572 1098 9986 6702 9804 9637 2529 9696 6733 6934 9563 5903 256 5295 290 5999 9873 6664 2957 2863 8360 1101 9370 5057 4877 138 2904 937 2453 5185 114 5239 1574 269 992 7963 3522 4220 1907 9550 9257 4466 2416 2198 9463 6622 1495 6704 1392 996 303 5189 8403 7297 8425 134 7771
129 3393 2988 7038 3150 2745 4122 3555 5661 7281 2097 7443 801 6552 3636 72 8172 3312 8658 639 153 3717 4284 7119 8982 7362 3960 9225 8820 6795 315 7686 7848 963 3879 6147 5985 8496 5823 9549 8739 7524 4725 396 825 746 2094 3549 4090 1220 5179 1915 4696 1286 4874 1257 3280 9039 2255 4777 513 1669 3595 7884 6095 1988 2796 8508 2101 836 7968 5777 4247 785 1665 6738 8894 1277 4553 4808 7506 5588 7466 1072 3997 3091 117 4195 7228 7960 1565 2033 8008 8952 1773 4203 5603 3395 4773 1654 8551 7906 1347 2982 7542 9599 847 3748 6811 4042 9097 6033 5580 361 7481 9706 2854 3017 1030 6124 4360 7067 5628 6379 9274 1345 863 5399 8404 4733
124 8740 6148 2422 4852 8416 1207 235 2665 7930 2584 2989 8821 8173 7120 4285 9469 3313 7363 5095 2098 5176 7849 5419 4366 964 6553 5743 5303 7596 5819 8591 5638 7169 3088 4817 2344 8120 6177 3274 4967 1616 3026 1647 9042 5869 5018 6391 7573 7442 9048 4459 4412 9608 6068 2706 9605 76 4231 6008 6757 1696 6937 5565 8523 2152 5857 4751 1614 6785 1645 6407 1295 3628 3216 3260 5477 535 7733 1064 1297 9140 6223 2732 266 47 1474 6969 888 9321 8042 5549 32 6245 593 6296 98 581 895 7509 4987 9448 7469 3415 2083 2771 8343 2340 7129 3581 1396 2241 4851 7660 5620 743 575 6994 7899 6385 7224 5880 3692 1360 2492
120 5015 1856 4691 9308 560 236 7526 5744 9956 8984 6149 6635 7202 4043 5096 5258 4367 317 3557 4772 1937 965 3071 9875 7769 803 2828 5663 6996 2852 2992 9226 7349 1510 6487 3265 6189 8655 2675 7806 2667 337 988 331 9662 1607 4765 605 530 208 7490 543 8680 135 5900 8641 9833 8122 4584 9263 4109 2938 6868 9836 4383 5166 4369 6853 9699 4320 2558 6395 1689 1848 9668 5550 2327 878 9358 6528 145 3552 9786 1472 9849 9625 829 1586 2700 1508 8269 7700 7018 6648 7249 2240 9532 3384 7156 2504 9577 2803 9743 6643 3677 2933 2870 6320 360 6392 7055 5737 1073 8599 7554 6686 3869 2516 1249 3545
116 7122 6312 8661 318 8337 885 7608 2910 9714 6069 9228 2748 3072 4449 2181 8175 3477 5664 6798 7851 5907 4368 1938 1047 9309 8580 8418 2100 723 3801 9147 4854 7990 9434 2917 2114 5569 3553 2016 3473 9952 4565 9574 6268 6258 1452 3170 2599 2195 6495 8272 3327 252 9266 4096 822 4114 1767 5099 6740 4776 5774 7467 5939 1978 2442 2170 2547 2595 5714 900 4428 8144 4865 8228 8023 858 2541 8578 8215 2271 9019 7928 4079 5069 5106 4335 7886 8032 1066 1368 6293 1883 1940 3001 4323 7020 4883 1315 4209 7732 1729 2985 694 4332 2959 4994 7046 1601 4514 7846 3701 1 6233 101 4017
114 2668 7852 8986 9553 2425 7285 5503 3397 8905 9958 1534 8095 7690 3154 3316 1858 9634 4936 3802 8662 9796 9715 4207 5260 9067 5319 3764 2145 3735 4444 7622 6351 124 5610 2224 5051 4132 7783 5221 5878 2262 6036 8686 9895 8461 4554 4329 4814 5432 7944 1264 1206 7541 4749 7348 6529 8660 5672 5556 5208 4333 5 9491 6308 8634 6911 5542 5635 6875 239 7216 8632 7612 1941 4769 4309 1980 2374 5017 397 9414 9317 2656 8494 7566 5802 297 7609 6134 8127 3684 7195 8794 2029 5626 4167 2998 9703 9914 9777 4966 5233 5463 3221 8949 6656 4469 3002 6731 7624 7130 5799 3226 2013
117 7124 3236 4451 644 2993 4046 1859 5342 3641 8744 7367 1373 4208 2831 6476 2426 8582 320 6962 8420 1292 968 3074 2183 2264 4127 2588 1778 9311 8501 2669 6638 2021 5666 9149 1454 3965 8285 5830 8877 7365 6445 9496 834 1036 4117 9130 79 2641 9552 9911 9901 1800 7544 3095 7265 3160 1160 9049 3970 6729 6821 5769 7103 4626 1842 7464 3650 2400 582 1241 2791 7685 5763 7956 8344 5484 6489 8432 8143 1131 4385 1719 5558 2130 9825 647 5318 9682 3657 313 1830 7670 473 9793 6880 9921 5305 201 1019 8792 2535 4041 4270 2007 2757 6321 199 6022 874 2923 1707 6796 3821 1583 9307 6751
112 402 5424 7125 6153 4695 1779 9231 4128 6963 6315 4290 2427 2103 2346 1617 7449 9555 645 7287 2832 564 3561 5586 8016 4371 8745 8664 3723 726 3144 7276 3861 3400 1135 4499 2025 1522 6252 4508 2756 4404 612 4280 4978 7932 9979 5416 4022 7809 8629 8973 4841 3915 3107 8398 207 9943 4968 1869 2681 6217 8799 7019 104 2286 1045 3347 1316 9089 5509 8815 6961 7234 5287 8445 4628 1458 5793 7139 6394 6164 5388 8862 7770 1374 213 4516 1141 2822 4620 3842 3254 1129 5365 8512 873 3774 3132 4900 6012 7607 7893 9324 3003 9717 9059 6899 9208 4307 6438 1982 4622
134 4129 5587 8260 8017 7045 8827 1213 2914 4939 1780 3481 3805 6397 808 5020 160 2023 5263 8908 2833 7531 4048 8989 6640 3319 7450 9475 2843 1666 1878 9720 6050 9865 1280 5984 5504 2481 3054 7774 212 6319 8306 7441 7957 6901 2113 8703 9790 3378 88 6054 3789 1181 3223 5841 6130 4180 3986 4417 9456 8557 1480 1544 1011 37 5172 6269 8040 9091 4735 978 3516 8868 4550 3168 9721 1528 3667 2637 2046 2192 2672 6888 5465 3242 3784 2392 7560 408 5636 6988 1661 3063 4812 9214 9299 2008 5235 4282 915 9095 6453 4839 2659 6675 7108 6381 6092 5407 363 6411 2314 6081 9041 5480 4641 5599 5344 5104 419 1054 8043 8298 2039 7952 8388 4872 8053 437 967 1147 9967 8363 2048
123 6236 1376 7370 323 8099 9395 6155 3725 9152 2834 4535 3158 809 2753 5750 3563 485 1862 1619 6803 9881 1052 890 3077 2562 4091 904 2505 5375 6905 8188 4492 5005 7572 6329 6449 2654 7155 4392 9656 7653 9013 7800 3637 2729 2332 3277 5700 126 6072 7403 1992 5971 7023 5209 7876 3693 2820 4582 7787 416 8758 6773 2961 6917 5862 2300 4049 9378 5266 6265 927 1200 8048 5974 4530 420 6475 6960 8948 2247 3548 3660 5940 511 791 9541 525 9713 5230 99 9712 6801 9864 4237 6135 8340 667 9805 2710 8349 9194 2970 3161 1109 9928 9301 7909 3547 3320 980 4489 8477 9017 3440 4200 2011 9071 7706 5333 3727 2213 4372