25 5200 6400 9200 2400 4800 8400 1200 6800 5600 4400 1600 8800 6000 2800 3200 800 3600 2000 400 4000 7200 9600 0 7600 8000
25 3201 6001 4801 9201 1201 1601 801 401 6401 8401 3601 5601 8001 8801 2801 7201 2001 4001 2401 5201 4401 1 7601 6801 9601
25 9602 8802 7602 8002 2 6002 3602 4002 1202 802 2802 9202 4402 1602 2402 5602 7202 402 6802 2002 5202 6402 4802 8402 3202
25 403 4803 3203 9203 2403 8003 2803 9603 7603 8403 6803 1203 3 1603 803 7203 5203 6003 4403 4003 5603 8803 2003 3603 6403
25 9204 2804 8804 9604 404 7604 4804 5204 6804 3604 7204 2404 8404 6404 4 3204 1604 804 4404 8004 4004 1204 6004 2004 5604
25 8005 5205 4805 9605 1605 5605 2005 1205 7205 405 3605 7605 8405 6805 805 9205 8805 6005 5 3205 6405 2405 2805 4005 4405
25 4806 806 3606 6806 5606 406 8406 5206 7606 2006 9606 6006 9206 6406 3206 4406 1606 8806 8006 2406 2806 6 1206 4006 7206
25 1207 9207 7 6007 407 1607 7207 4007 5607 8807 2807 6407 4407 6807 5207 8407 3607 7607 8007 4807 9607 2407 807 2007 3207
25 4408 7608 4008 9208 7208 2408 6008 3208 1608 8 2808 6808 8408 8008 5208 808 6408 2008 8808 4808 5608 9608 408 1208 3608
25 5209 809 9 4809 2409 6809 5609 7209 1609 9209 4009 8409 409 4409 3609 2809 3209 8009 6409 6009 1209 2009 9609 8809 7609
25 1210 2810 3610 4410 9610 2010 6810 810 4010 410 5210 8810 2410 9210 10 6010 5610 6410 3210 7210 8410 8010 7610 1610 4810
25 9611 6811 7611 8811 6011 7211 5611 1611 811 11 6411 1211 411 2011 8011 2811 8411 9211 3211 3611 5211 4811 2411 4011 4411
25 8012 3212 5212 9212 7612 12 1612 2012 9612 6012 7212 1212 812 8812 6812 5612 3612 412 8412 6412 4812 4012 4412 2812 2412
25 4813 8013 9213 5213 5613 7213 2813 4013 2013 413 8813 4413 6413 3613 6013 13 3213 1613 8413 2413 6813 1213 813 9613 7613
25 4014 4414 8814 4814 1614 5614 2414 6814 5214 3214 414 9614 2014 7214 814 2814 6414 9214 1214 8014 6014 8414 7614 14 3614
25 6415 9215 8415 7215 6815 8015 1215 3615 7615 3215 15 2415 5215 4815 5615 9615 2815 815 4415 1615 4015 6015 415 8815 2015
25 7616 4816 7216 3616 2816 4016 9616 6816 5216 8416 6016 1616 8816 5616 416 4416 16 2016 8016 9216 816 2416 3216 6416 1216
25 2817 9217 7217 3217 7617 1617 6017 5617 17 9617 3617 417 2417 1217 8817 817 4817 5217 8017 8417 2017 4017 6417 6817 4417
25 9618 4018 6818 818 8818 3218 4418 3618 2818 7618 9218 8018 5218 1218 6418 1618 5618 418 8418 2018 18 7218 6018 4818 2418
25 419 19 8419 7619 2419 5219 1619 9219 6419 5619 7219 4019 2019 9619 3219 8019 3619 6819 1219 6019 2819 4819 8819 819 4419
25 20 5620 7620 1220 2020 2420 1620 7220 5220 420 8420 9620 8020 4020 3220 6020 2820 9220 6820 6420 4820 8820 3620 4420 820
25 2821 7221 4021 821 1621 3621 6821 4821 6021 2421 421 8421 6421 9221 4421 1221 8021 8821 3221 5221 21 2021 9621 5621 7621
25 3622 9222 1222 8022 22 6422 4422 2022 9622 7222 6022 4822 2422 422 1622 7622 5622 3222 6822 822 2822 8822 5222 4022 8422
25 4023 3623 7223 2023 8823 6423 1223 423 9223 8423 9623 2423 823 2823 5623 6023 3223 4423 6823 8023 7623 1623 5223 4823 23
25 2424 9224 2824 3224 824 24 4424 1224 1624 2024 6024 7624 5224 8424 9624 6824 424 5624 4024 7224 6424 8024 4824 3624 8824
25 6425 8425 2425 8025 6025 4425 5225 7225 7625 3625 9625 4825 2025 5625 425 9225 1625 8825 4025 825 1225 2825 25 6825 3225
25 6026 9226 3626 4026 8826 9626 826 1226 3226 6826 8026 426 2826 4426 7626 4826 7226 8426 2426 6426 5626 26 2026 1626 5226
25 827 27 8427 3627 4827 1227 6827 5227 6027 2427 5627 8027 9227 9627 2027 8827 1627 2827 4427 6427 427 7627 3227 4027 7227
25 6828 8428 9628 3628 2028 4428 5228 9228 6428 2828 7628 4828 3228 4028 28 7228 1628 5628 6028 428 828 2428 8828 1228 8028
25 2829 429 6829 6029 5629 2429 6429 9629 8429 4429 2029 1629 8829 29 7629 829 3629 4029 5229 7229 3229 8029 1229 9229 4829
25 6030 1630 2030 30 8030 1230 430 830 5230 4430 7230 5630 9630 2830 4030 3630 9230 6830 7630 8430 8830 6430 4830 3230 2430
25 4031 1631 7231 431 8831 4831 2831 3631 5631 7631 3231 5231 9631 6831 1231 2431 8431 4431 6431 2031 831 9231 8031 31 6031
25 7232 1632 9632 832 2432 1232 4032 32 8832 2832 5632 6432 6832 8032 8432 3632 5232 4432 4832 6032 2032 9232 3232 432 7632
25 2833 433 4833 6833 8833 6033 8033 9633 1233 5233 3233 6433 9233 2033 4033 833 5633 7633 7233 33 2433 4433 1633 3633 8433
25 8834 2434 4434 9234 1234 8034 8434 834 6434 7234 9634 6034 4034 5234 2834 4834 434 2034 3234 34 1634 5634 7634 3634 6834
25 2035 9635 1635 8835 6835 9235 8435 5235 4035 1235 2835 2435 3235 6435 4835 7235 6035 435 35 5635 7635 8035 3635 4435 835
25 8036 6436 7236 6836 3636 4036 6036 436 7636 5636 3236 36 1236 8436 2036 1636 9236 5236 2436 8836 2836 836 4436 9636 4836
25 4837 4037 9637 6437 6837 7237 9237 1637 4437 2837 7637 2437 37 837 3237 8037 1237 6037 5237 8437 2037 3637 8837 5637 437
25 38 2038 7238 4038 838 6438 2838 2438 3238 1638 6838 8438 7638 9638 1238 6038 5638 5238 8838 9238 438 8038 4438 4838 3638
25 8439 4039 3239 6439 2039 7639 3639 5239 6839 439 8039 4839 2839 1639 9239 839 1239 2439 8839 9639 4439 5639 39 7239 6039
25 4440 840 6440 5240 6040 2040 3240 9240 7640 9640 7240 2440 1640 8040 5640 40 3640 1240 4040 8440 6840 8840 2840 4840 440
25 2841 4841 3241 841 2041 5641 9241 4041 7641 41 6841 2441 8041 8841 9641 3641 1641 4441 1241 6041 7241 5241 441 8441 6441
25 842 5642 6842 8442 5242 8042 1242 9242 3242 6442 2442 2842 7642 8842 3642 42 4842 2042 6042 4042 4442 442 7242 9642 1642
25 4843 2043 9243 9643 7243 8443 1643 6443 6843 8043 3243 5643 2843 443 5243 6043 2443 4443 843 1243 3643 8843 43 7643 4043
25 3244 4044 4444 44 5244 1244 2044 1644 6844 8044 6444 9244 7644 7244 8844 3644 8444 444 6044 5644 844 2444 2844 4844 9644
25 2045 4045 6045 4445 8045 1245 3645 7245 5645 7645 845 2845 8445 4845 3245 445 9645 45 6445 1645 9245 8845 6845 5245 2445
25 3646 9646 8046 2046 2846 2446 6446 5246 8446 4446 4046 46 6846 7646 7246 8846 9246 846 1646 4846 6046 446 3246 5646 1246
25 1647 4847 1247 9247 6047 4047 5647 2047 3247 8847 7647 2847 6847 447 5247 6447 2447 847 7247 4447 9647 8447 47 8047 3647
25 848 9248 6448 1248 3648 2848 4448 1648 6048 7648 2048 4848 3248 6848 448 5648 8848 5248 7248 8448 9648 48 8048 4048 2448
25 5249 4849 8049 2449 449 49 7249 3249 6049 7649 8449 3649 1249 4449 1649 6449 6849 8849 4049 2049 2849 849 9649 9249 5649
25 8850 4050 6050 6450 1250 9250 1650 2450 8450 50 9650 8050 3250 2850 4850 2050 450 5650 850 7250 5250 7650 6850 3650 4450
25 851 4451 3251 5251 451 9651 2051 5651 4851 7251 6451 51 8051 1251 6851 7651 6051 8451 3651 2451 1651 8851 4051 2851 9251
25 4452 452 2452 6052 3652 7652 8452 52 5252 8052 6852 8852 2052 4852 9652 7252 2852 6452 1252 5652 852 1652 4052 3252 9252
25 1653 53 5253 2853 853 7653 6853 6453 8853 4853 453 2453 3653 7253 4053 4453 8453 8053 3253 1253 9653 6053 5653 9253 2053
25 1254 6854 7254 8854 9254 8054 3254 2854 4454 6454 7654 8454 9654 2054 6054 5654 54 1654 4054 4854 2454 454 854 5254 3654
25 9655 4855 8455 1255 55 8855 2055 4055 6455 6055 5655 2455 3255 855 4455 8055 2855 9255 7255 1655 455 3655 5255 6855 7655
25 5256 7256 56 2856 4056 6856 4456 5656 7656 2456 1656 1256 8856 8456 4856 3656 9656 6456 456 6056 8056 3256 856 2056 9256
25 6457 6857 4457 857 6057 1257 7257 8457 5657 4057 3657 2457 1657 8057 9657 57 5257 2057 4857 7657 2857 8857 9257 3257 457
25 6458 3658 858 4458 6858 2058 2458 58 1658 3258 7258 8858 458 6058 4858 8058 5258 1258 8458 2858 9658 7658 5658 4058 9258
25 5259 459 2459 4059 59 4459 8059 5659 4859 8859 3659 2859 859 1259 2059 9259 6459 6859 3259 6059 8459 7259 9659 7659 1659
25 60 3260 4460 8060 9260 4860 7660 2860 460 7260 8860 6860 2460 3660 2060 8460 860 4060 6460 9660 1260 1660 5660 5260 6060
25 9261 6861 8461 4861 1261 5261 6061 7261 8861 2861 6461 3261 61 3661 861 1661 7661 461 4461 4061 9661 5661 2061 2461 8061
25 2862 1662 4062 8062 8462 4462 3262 62 2062 6862 862 9662 9262 462 5262 7262 3662 1262 8862 2462 4862 6062 6462 5662 7662
25 463 63 2863 1263 3663 5263 6863 6063 3263 5663 8463 863 7263 4463 8863 9263 4063 8063 7663 1663 2063 4863 9663 2463 6463
25 64 3664 4064 4864 7264 7664 2864 2464 4464 2064 1264 5264 6864 1664 6464 6064 3264 8864 9264 8464 8064 9664 464 5664 864
25 2065 8865 9265 4865 1265 3665 865 8465 1665 5665 6865 5265 465 2465 9665 65 7665 6065 2865 8065 7265 6465 3265 4465 4065
25 4466 4866 1266 5266 8066 3666 9666 7266 466 2066 5666 7666 866 3266 6866 66 8466 6466 8866 9266 4066 2466 6066 1666 2866
25 2067 4867 4067 8467 8067 1667 6067 9667 5667 6867 5267 3267 3667 67 2467 6467 467 8867 2867 7667 1267 9267 7267 867 4467
25 868 68 3668 2068 6068 468 8068 2468 2868 1668 6468 1268 5668 3268 9268 8868 7268 7668 9668 5268 8468 4468 6868 4068 4868
25 6469 8869 7269 1669 5269 4869 3269 9269 469 8069 69 2469 9669 6069 7669 2069 6869 2869 869 8469 4069 3669 5669 1269 4469
25 3270 1270 4870 3670 5270 8470 70 7670 6870 2870 5670 9670 6070 8870 870 470 9270 2470 6470 2070 4470 8070 1670 4070 7270
25 6071 6871 8871 5271 1271 2871 9271 7271 4871 6471 3671 2471 1671 9671 5671 3271 471 4071 2071 7671 871 8471 71 8071 4471
25 72 472 5672 6872 7272 3672 8872 2072 9272 1272 2472 6472 8472 1672 4472 8072 4872 2872 4072 7672 9672 5272 6072 3272 872
25 3673 1673 5673 5273 2073 4873 6073 8873 2873 473 4473 7273 9673 4073 3273 9273 6873 2473 7673 6473 1273 73 8473 8073 873
25 2874 8474 3274 4474 5274 4874 8874 3674 9274 8074 1674 7674 1274 9674 74 6474 6874 7274 6074 5674 874 4074 2474 2074 474
25 1275 3275 4075 8075 5275 5675 1675 2875 475 3675 4875 2475 7675 875 8875 75 9275 6875 8475 9675 6475 6075 2075 4475 7275
25 6876 8076 5276 2076 1276 3276 6476 7276 9276 8876 4076 7676 8476 9676 4876 5676 876 76 3676 2876 4476 2476 1676 6076 476
25 5277 2077 1677 77 877 4077 1277 9277 3677 5677 6077 2477 4477 8877 8477 7677 2877 9677 477 6877 7277 4877 3277 8077 6477
25 1278 4478 6878 4878 2878 478 1678 9678 7278 5278 3678 878 5678 6478 8478 2078 9278 8078 6078 2478 78 4078 3278 8878 7678
25 8479 479 8079 2479 6079 1279 6479 4879 7279 9279 3279 2079 9679 4079 79 4479 2879 5279 8879 1679 3679 7679 879 5679 6879
25 480 1680 2080 9680 8480 5280 6080 9280 4880 4480 2880 5680 8880 3280 6880 3680 4080 80 1280 880 2480 8080 6480 7680 7280
25 7681 7281 4881 1681 4081 5681 6881 2081 6081 9281 1281 9681 3281 4481 3681 6481 481 8081 2881 8481 8881 81 881 2481 5281
25 2482 4882 6082 8882 8482 882 6882 3282 9282 2082 5682 7282 82 482 5282 8082 7682 6482 1282 3682 4082 9682 4482 2882 1682
25 3683 5283 8883 6083 4883 6483 7683 7283 83 4083 483 9683 3283 1683 9283 2083 2883 6883 8083 8483 883 1283 2483 5683 4483
25 4484 8484 2884 8084 1684 6084 8884 84 9684 3684 2484 2084 484 4884 9284 3284 5284 5684 6884 884 6484 4084 1284 7684 7284
25 485 9685 4085 7685 3285 4885 4485 2085 85 5685 9285 6485 6885 8485 8085 2885 885 5285 2485 6085 7285 8885 1685 3685 1285
25 3286 86 6486 1686 2086 886 4086 4486 8486 9286 6086 4886 7286 5286 2886 5686 3686 7686 6886 8086 9686 1286 8886 486 2486
25 3287 8087 7287 4487 1687 8887 7687 87 6487 1287 887 3687 2087 8487 4087 487 5687 6087 5287 6887 2487 9687 2887 9287 4887
25 1288 6488 8488 6888 88 4888 6088 5288 9288 888 4488 5688 9688 2888 1688 2488 7288 2088 4088 8888 3688 488 7688 3288 8088
25 7689 5289 4889 8089 6489 8889 4489 2489 2089 7289 9689 489 889 3289 8489 4089 5689 1689 6089 2889 3689 6889 1289 9289 89
25 2090 4890 9690 890 6490 6890 2490 1290 490 3290 90 5290 8090 4090 2890 7690 4490 1690 9290 7290 5690 3690 8490 6090 8890
25 491 3691 8091 8491 891 6091 2891 1291 91 1691 6491 4491 7691 5691 9691 4091 9291 4891 5291 6891 7291 2091 8891 2491 3291
25 1692 2892 6492 5292 9292 892 7292 92 6092 7692 8092 5692 1292 9692 4892 6892 8492 2492 3692 4092 2092 8892 3292 4492 492
25 1293 6893 6493 4893 8093 2493 893 7293 4093 2093 1693 9293 7693 6093 8893 3293 93 5293 2893 493 5693 8493 4493 3693 9693
25 4094 9694 6494 4894 8494 94 2494 2094 7294 7694 3294 8894 1294 6094 5694 8094 1694 9294 2894 4494 5294 6894 494 894 3694
25 3295 5695 2095 2895 6095 4895 9695 95 3695 7695 1295 895 4495 8495 4095 495 6895 7295 8095 9295 2495 6495 5295 8895 1695
25 896 6496 9696 8896 4896 8096 496 7696 1696 6896 4096 8496 2496 5696 9296 96 6096 1296 4496 7296 2096 3296 2896 5296 3696
25 6497 8897 6097 897 5697 2497 4897 4497 9297 5297 4097 3697 8497 2097 2897 6897 1297 7297 7697 8097 9697 1697 497 97 3297
25 9698 7698 3698 1698 4498 8898 2898 8098 4098 98 7298 6498 9298 8498 6098 5698 2098 6898 498 2498 1298 5298 898 4898 3298
25 8499 3299 8899 7299 99 5299 4499 2899 5699 899 4099 9699 4899 1299 9299 6899 1699 6099 7699 3699 2499 8099 6499 2099 499
25 2900 9300 6500 500 900 6100 6900 100 7300 8100 5300 5700 1700 1300 9700 8500 2500 3300 3700 7700 2100 4900 8900 4100 4500
25 7301 501 901 5301 8101 4501 4101 8901 9701 2901 3701 1701 3301 2101 1301 2501 7701 5701 6101 8501 101 6901 4901 6501 9301
25 5702 4902 4102 5302 7702 7302 8502 3302 102 4502 6502 1302 2102 6902 502 9302 1702 902 6102 8902 2902 3702 9702 2502 8102
25 4103 4903 103 6103 2103 903 5303 8103 7303 9703 503 2503 2903 3303 9303 6903 8903 4503 5703 8503 6503 1303 1703 3703 7703
25 6504 2904 7704 104 5304 4504 9704 8504 2504 504 2104 4104 1704 5704 4904 7304 3704 1304 904 9304 8904 3304 8104 6104 6904
25 6905 7305 6105 6505 4905 2505 4105 1305 9305 5305 8105 8905 2905 3305 2105 9705 4505 505 8505 7705 105 1705 905 5705 3705
25 3706 2906 6906 3306 2106 4106 7306 2506 906 9706 1306 8106 9306 5706 506 4506 106 6106 6506 4906 7706 5306 8506 8906 1706
25 3707 6507 8907 4907 9707 107 7307 907 6107 3307 2107 8507 2507 5707 1307 1707 9307 2907 8107 4107 4507 7707 6907 507 5307
25 2108 2508 6508 508 4908 5308 9308 7708 3308 7308 4508 8908 6908 108 1708 5708 1308 4108 6108 2908 8108 9708 8508 908 3708
25 109 8109 4109 2909 6909 5309 3309 4509 9309 2109 909 4909 6109 5709 9709 1309 509 7309 7709 8909 2509 8509 1709 6509 3709
25 9710 4910 4110 5310 3710 110 9310 6110 910 8910 2910 6510 5710 7310 8510 1310 3310 1710 7710 510 8110 2110 4510 2510 6910
25 8511 1711 6111 9311 8911 7311 2511 5311 4111 3711 111 1311 9711 4911 2111 511 911 2911 6511 4511 7711 3311 5711 6911 8111
25 1312 8112 7712 8912 4512 7312 112 9312 512 4912 3712 2912 9712 912 4112 5712 5312 2512 1712 8512 6512 6112 3312 2112 6912
25 5713 3713 2513 7313 2113 913 4513 8513 4113 113 5313 3313 9713 1313 513 6113 6513 2913 8113 9313 4913 7713 8913 1713 6913
25 514 3314 1714 2914 4514 2114 114 914 1314 7714 8114 8514 5314 9314 5714 4114 4914 3714 2514 8914 9714 6114 6514 7314 6914
25 6115 4515 7715 9715 2515 8515 5715 5315 6915 3715 9315 4115 1315 8915 7315 115 915 1715 2915 4915 515 2115 8115 3315 6515
25 3316 4916 8916 3716 6916 5716 9316 8116 1716 516 2116 9716 8516 4116 2916 4516 116 916 6516 5316 2516 6116 7316 1316 7716
25 9717 917 4917 2117 4517 7717 8117 1717 3317 517 8517 117 1317 3717 9317 7317 4117 2517 2917 6117 8917 6917 5717 5317 6517
25 8118 4518 118 8518 1718 9318 5318 4118 6918 4918 2118 1318 5718 3318 518 8918 2918 2518 918 6118 7318 7718 9718 3718 6518
25 4519 119 519 1719 6919 4919 2919 5319 9719 6519 5719 8519 3319 8919 9319 2519 6119 2119 7719 919 3719 4119 7319 8119 1319
25 9720 9320 5720 520 8920 2920 4920 6920 2520 8120 1720 920 6120 3720 2120 4120 120 7320 1320 5320 7720 3320 8520 6520 4520
25 8521 521 2521 121 7321 4521 7721 5321 2921 4921 3721 8921 6921 6121 2121 9721 1321 9321 8121 921 4121 1721 6521 5721 3321
25 4522 4922 9722 922 6122 5722 522 6522 122 2522 7322 7722 8922 6922 8122 8522 3322 1722 2922 9322 5322 1322 2122 4122 3722
25 523 5323 7323 6123 7723 8123 123 6923 4923 9323 5723 1723 8523 3723 6523 2123 3323 1323 2923 4123 8923 2523 4523 923 9723
25 3724 8524 8924 2924 6524 124 924 7724 6924 4124 9724 4524 7324 1324 8124 1724 5324 9324 5724 4924 2524 2124 524 6124 3324
25 8925 8125 925 3725 9725 1725 4125 4525 525 5725 2925 9325 125 6525 1325 2525 7725 6925 8525 6125 4925 2125 3325 5325 7325
25 7326 6926 5726 4526 6126 2526 526 8926 3726 9326 7726 3326 4126 126 1726 2126 4926 8126 2926 6526 8526 926 9726 5326 1326
25 527 2927 9327 7327 927 5727 9727 8527 4927 3727 1727 4527 6927 127 8127 1327 8927 2127 5327 3327 7727 2527 6127 4127 6527
25 9328 8928 3328 5328 8128 6528 128 1328 5728 1728 7728 6128 8528 9728 7328 4928 2928 528 6928 4128 3728 2128 928 4528 2528
25 4129 529 3329 5329 2129 8129 1329 9329 9729 5729 1729 4529 2929 929 7729 6929 4929 2529 8529 6529 7329 129 8929 6129 3729
25 8530 930 9730 6930 2130 4130 2930 530 130 4930 1330 8930 8130 6130 7730 9330 1730 3730 6530 2530 5730 5330 4530 7330 3330
25 8531 3331 8131 4531 531 131 2531 1731 1331 5731 7331 9331 4131 6931 931 9731 6531 5331 2131 6131 8931 7731 2931 4931 3731
25 9332 3332 6532 132 3732 2532 8932 7332 1332 8132 4132 2932 932 532 7732 8532 1732 6932 4532 4932 6132 2132 5732 9732 5332
25 8533 6533 9733 4933 2533 1733 6933 133 4533 5333 8133 7333 9333 5733 8933 4133 3333 2133 933 533 6133 2933 7733 1333 3733
25 6934 9334 4534 3734 8134 934 534 2934 9734 6534 7734 1334 1734 2534 6134 4134 134 7334 4934 2134 8534 5334 8934 5734 3334
25 135 4535 3335 5735 4935 5335 7335 8135 8535 2135 1335 9335 2535 7735 1735 2935 6135 3735 6535 6935 535 8935 935 4135 9735
25 3336 8136 136 1336 7336 6136 2536 536 4536 5336 936 9736 4136 8536 7736 3736 9336 5736 6936 2936 2136 8936 6536 4936 1736
25 2137 937 5337 537 6937 1337 4137 6137 7737 2537 8537 9337 4537 8137 1737 8937 4937 6537 5737 2937 7337 3737 3337 9737 137
25 7738 2938 8138 1738 6138 2138 1338 8938 138 7338 6538 9738 4538 6938 4938 3738 2538 5338 3338 938 538 9338 8538 5738 4138
25 6939 7339 939 3339 8939 8539 139 9339 6139 1739 5739 4139 7739 2139 6539 2539 5339 4539 9739 539 4939 8139 3739 2939 1339
25 7740 3340 540 1740 8140 1340 2140 6140 9340 6940 5740 8540 2540 140 4540 2940 7340 5340 4940 4140 8940 3740 6540 940 9740
25 8941 5741 2141 541 4541 941 7341 8541 5341 6941 2941 1741 8141 6141 4141 7741 9341 9741 141 1341 3741 6541 2541 3341 4941
25 8942 142 9342 6542 2542 942 5342 2942 9742 8542 1742 3342 8142 542 6942 6142 4142 4542 4942 7742 1342 2142 7342 3742 5742
25 9343 4543 6943 4143 8143 8543 2143 4943 1743 2943 543 3743 1343 9743 2543 5743 7743 8943 7343 3343 143 6543 5343 943 6143
25 144 9344 8544 4544 544 6944 8144 3744 6144 5744 2544 3344 4944 8944 944 7344 2144 1744 4144 7744 5344 9744 2944 1344 6544
25 1345 8145 545 4545 145 2945 7745 945 8545 7345 2545 4145 2145 3745 1745 4945 9345 8945 5745 9745 6945 5345 6145 3345 6545
25 6546 3346 4546 8146 9746 2146 5746 4946 7746 546 4146 3746 2946 1746 146 6146 6946 2546 1346 946 5346 8946 8546 7346 9346
25 8547 547 2547 3747 4547 9747 2947 147 9347 6147 8147 4947 947 6947 1747 5747 4147 3347 8947 1347 5347 7747 2147 6547 7347
25 3348 1348 9348 7348 1748 7748 8148 8548 5748 6948 2948 2148 6148 4148 2548 3748 4548 148 548 8948 5348 948 9748 6548 4948
25 2149 7349 149 6549 6149 3349 4549 2949 9749 8149 1349 949 4149 5349 6949 3749 1749 7749 5749 8549 2549 8949 549 4949 9349
25 7750 2950 1750 7350 4550 6950 2150 9350 8550 3350 950 3750 5750 2550 150 1350 8150 4150 6550 550 5350 4950 8950 6150 9750
25 5351 4951 151 8151 551 8951 6551 4151 2151 7751 3351 9351 6151 1351 8551 5751 6951 7351 4551 951 9751 2551 1751 3751 2951
25 6552 6952 552 4552 7752 3352 9352 8152 152 2952 5752 1352 2152 8552 8952 2552 9752 5352 1752 3752 7352 4952 4152 6152 952
25 5353 1353 953 4553 9753 3353 2153 7353 3753 4153 2953 6553 6153 1753 2553 6953 5753 9353 8953 153 553 4953 8153 7753 8553
25 2554 154 554 9354 954 4954 7354 8554 6954 4554 5354 8154 3754 5754 6554 1754 8954 2154 7754 6154 3354 4154 1354 2954 9754
25 4155 7755 1355 955 4955 4555 8555 2955 8955 3355 5355 9355 2555 5755 8155 555 6955 6555 6155 9755 1755 2155 155 3755 7355
25 6556 956 6956 2956 5356 6156 4156 8956 9356 3756 7356 8556 1756 2156 3356 4556 556 5756 7756 4956 9756 156 8156 2556 1356
25 5757 3357 557 8957 2157 157 3757 1357 7357 8157 6957 9757 2957 9357 4957 8557 6557 5357 4157 1757 6157 2557 957 7757 4557
25 4958 158 2958 2158 4558 8558 958 2558 5358 6558 1758 9758 7758 9358 7358 4158 6958 1358 8158 5758 558 6158 3758 8958 3358
25 4959 159 8559 6159 9759 2559 8159 2159 7359 7759 2959 6959 5759 5359 6559 4159 959 3759 3359 1359 8959 1759 559 4559 9359
25 8560 4160 560 8960 960 2960 2560 2160 4960 7360 5360 1360 4560 160 5760 1760 8160 3360 6160 9760 6560 6960 7760 9360 3760
25 3761 4161 8961 961 7361 1761 9361 2161 1361 7761 3361 2961 9761 4961 8161 6161 6961 161 5761 5361 6561 561 4561 8561 2561
25 6162 162 562 2562 4562 2962 8562 3762 4962 1762 9762 9362 5362 8962 7762 6962 1362 8162 4162 962 2162 5762 6562 3362 7362
25 2563 6163 8163 2963 963 6963 8963 2163 3763 4163 4963 5363 163 4563 7763 9363 3363 5763 6563 1363 7363 1763 9763 563 8563
25 4564 8164 3364 2164 7764 6964 4164 4964 5364 6164 2564 7364 3764 8964 164 564 9764 1364 9364 964 2964 1764 8564 6564 5764
25 5765 7765 2965 7365 3765 2565 9365 6565 4565 2165 3365 4165 8165 565 1765 965 6165 4965 1365 165 9765 8565 5365 6965 8965
25 6166 8166 166 9766 5766 4566 3366 966 4966 1366 7766 8966 566 7366 2566 9366 3766 4166 5366 1766 6566 8566 2966 6966 2166
25 1767 8567 9767 6167 5367 4567 2967 6967 5767 4167 9367 567 167 4967 2567 2167 8167 967 6567 1367 7367 7767 3767 3367 8967
25 8168 5368 968 6568 9368 6968 9768 5768 168 2568 6168 2168 3768 4568 4168 1368 2968 4968 1768 3368 7768 7368 568 8568 8968
25 3369 169 9769 7369 8569 4969 5769 8169 2169 5369 3769 9369 2569 6969 969 6569 8969 7769 569 2969 1369 1769 6169 4169 4569
25 1370 3770 2170 3370 7370 4970 6570 9370 2570 4170 6970 170 570 5770 7770 8970 8570 970 1770 5370 4570 2970 9770 8170 6170
25 9371 6971 8171 171 971 6171 4171 2971 4571 2571 7371 1771 9771 571 5771 6571 1371 3771 8971 4971 3371 7771 2171 8571 5371
25 3772 1372 172 5372 7772 8972 8572 572 7372 3372 2972 972 5772 8172 9772 2572 6172 6572 4972 6972 1772 4172 4572 2172 9372
25 3373 1373 573 2973 8973 9773 6973 6573 9373 8573 173 973 5773 1773 4173 4973 3773 5373 2173 6173 4573 8173 7373 7773 2573
25 9774 8574 6574 1774 4574 2974 8174 7774 2174 5774 2574 1374 974 8974 7374 6174 4974 574 9374 5374 3374 4174 6974 3774 174
25 8575 975 4575 6975 8175 2175 575 2975 175 5775 6175 9775 9375 1375 2575 3775 3375 4975 5375 1775 7375 6575 7775 4175 8975
25 7776 9776 2576 8176 4576 8976 3376 976 6176 2976 176 4976 4176 6976 3776 8576 6576 9376 5376 5776 576 1776 7376 1376 2176
25 8577 177 577 3777 8977 7777 5777 7377 6177 8177 9777 3377 6977 2577 6577 1377 4577 4977 1777 977 4177 5377 2977 2177 9377
25 3378 8178 4978 9378 9778 7378 4578 4178 178 2578 5778 2978 1378 6978 6578 6178 5378 578 8978 2178 7778 3778 8578 1778 978
25 6579 6179 2179 4179 8979 5779 3379 4979 1379 4579 2979 2579 9779 8579 6979 1779 5379 8179 979 9379 179 3779 579 7379 7779
25 2980 4180 8980 980 3780 7780 4980 3380 2180 6980 8180 6180 2580 8580 9780 1380 580 6580 9380 5380 1780 7380 4580 5780 180
25 8981 3781 9781 4581 7781 4981 181 6181 2181 6981 981 5781 8181 5381 7381 1781 9381 581 8581 6581 4181 2981 3381 1381 2581
25 3382 6182 8582 6982 182 7382 1782 9782 4982 1382 9382 4582 2182 982 3782 4182 2982 8182 582 6582 7782 5782 2582 5382 8982
25 9783 2183 9383 3383 583 8983 8183 983 7783 5783 4583 2583 1783 8583 6983 3783 6183 4183 1383 4983 5383 183 2983 7383 6583
25 8984 7384 5784 1784 6584 2584 184 3784 9384 6984 8584 2184 3384 4184 1384 6184 4984 9784 5384 984 2984 4584 7784 584 8184
25 4185 8985 8185 2185 4585 6585 585 6185 7385 2585 2985 7785 9785 6985 3385 5385 3785 185 4985 5785 8585 985 1385 9385 1785
25 9786 3786 4186 1386 4986 3386 6986 6586 186 586 8186 9386 6186 2586 7786 986 2186 7386 5786 5386 2986 8586 1786 4586 8986
25 6987 587 6587 4587 1387 4187 2187 4987 6187 5387 9387 3787 8187 7787 2987 8587 987 1787 5787 187 2587 8987 3387 9787 7387
25 2988 2588 9388 2188 5388 4188 5788 8988 4988 1388 6588 988 6188 7388 1788 8588 3788 188 7788 8188 9788 588 6988 3388 4588
25 2189 5389 7389 8589 6189 1389 4589 8989 6589 989 5789 9789 2989 3789 4989 4189 6989 9389 7789 189 2589 589 8189 3389 1789
25 2590 6590 2190 9390 4190 2990 5790 8990 4590 6990 190 1790 5390 8590 8190 590 4990 7790 3790 990 9790 1390 7390 3390 6190
25 8591 1391 591 3391 9391 7791 7391 5791 4591 8191 8991 1791 9791 2991 6991 6191 191 3791 991 4991 5391 4191 2191 6591 2591
25 6592 6992 7792 2992 192 6192 8992 1792 8592 3392 5392 1392 5792 992 9792 4192 4592 3792 2192 7392 2592 4992 592 9392 8192
25 993 8993 193 2193 9393 4993 6193 5393 3793 9793 8593 4593 6593 6993 1793 8193 593 4193 5793 1393 7793 2993 3393 7393 2593
25 8594 6194 7394 9794 4594 2994 4194 4994 2594 7794 2194 1794 9394 3394 1394 994 6594 3794 6994 8194 5794 194 5394 594 8994
25 3795 6195 5795 7795 4195 9795 5395 2595 1395 7395 195 2195 6595 595 8595 9395 8195 4595 4995 3395 2995 1795 8995 6995 995
25 6196 4596 6996 8196 1796 2996 7396 596 9796 9396 5796 4196 7796 1396 3796 4996 196 2596 5396 996 2196 6596 3396 8996 8596
25 997 8597 4597 6997 597 197 4197 3397 8997 9797 5397 8197 2997 7797 5797 2597 4997 3797 2197 1797 1397 7397 9397 6597 6197
25 6998 1798 4598 5398 5798 6598 2598 8198 7398 1398 3798 598 7798 998 4998 8598 4198 2198 6198 198 9798 9398 3398 8998 2998
25 9799 5399 3799 3399 4999 6599 6199 2199 599 1799 5799 4199 999 9399 2999 199 7799 7399 8199 6999 2599 4599 8999 8599 1399
25 2600 5800 7400 3000 3800 9000 4200 3400 1800 2200 9800 200 8600 9400 5400 7800 4600 7000 1400 5000 600 6200 8200 6600 1000
25 3401 9401 2601 4601 3801 1401 1801 1001 4201 2201 9001 7001 6601 8601 7401 7801 201 6201 9801 5001 5401 601 3001 5801 8201
25 1402 3002 7402 7002 3402 9802 602 8602 5002 202 4602 5402 4202 6202 3802 9002 7802 1802 2602 2202 6602 9402 8202 5802 1002
25 8603 4203 1403 2603 3803 3003 5803 7003 7803 5403 3403 603 9003 1003 8203 7403 6203 5003 2203 4603 6603 9403 1803 9803 203
25 1404 8604 2604 9404 7404 6204 204 6604 1804 5004 3804 7004 5804 1004 3404 3004 9004 2204 604 4204 5404 8204 9804 4604 7804
25 9005 7805 7405 9805 2205 9405 6205 2605 1405 6605 5805 8205 3405 3005 4605 5005 1805 5405 205 7005 1005 3805 4205 605 8605
25 5806 3806 7406 4206 206 9406 2606 606 5406 5006 7006 1006 3406 7806 2206 9806 9006 4606 6206 1406 6606 8206 3006 1806 8606
25 5407 7407 2607 9007 8607 1807 3807 5007 4607 7007 1407 9407 3007 5807 2207 7807 9807 3407 607 207 4207 8207 1007 6607 6207
25 9408 2208 9808 5808 8208 5408 6608 7008 1008 9008 608 3808 7808 208 8608 4208 3408 4608 1408 2608 7408 1808 5008 3008 6208
25 6609 9009 5009 6209 9809 8209 3009 4609 9409 7409 1809 5409 2209 7009 4209 2609 1409 3409 8609 5809 209 1009 609 3809 7809
25 2210 1810 3010 8210 3410 6210 610 1410 7810 4610 2610 5410 1010 9410 9010 7010 8610 5810 4210 5010 210 9810 7410 3810 6610
25 5411 7411 3411 4211 9811 1011 611 8211 9411 3011 2211 2611 6211 8611 4611 5011 7011 1811 3811 6611 7811 9011 5811 1411 211
25 1012 7412 8212 7812 9012 7012 8612 3812 1812 3412 9812 9412 1412 5012 6612 612 3012 2612 4612 6212 4212 5812 5412 212 2212
25 5013 5413 8213 2213 9813 213 4613 6213 8613 2613 6613 4213 9013 9413 1413 7413 1013 3013 3413 3813 7813 1813 5813 613 7013
25 9014 9414 3814 2614 5814 214 7814 7414 5014 3414 1414 8214 9814 5414 1014 1814 4614 614 8614 3014 6214 7014 2214 6614 4214
25 3415 3815 6215 5415 615 4215 215 5015 7415 1815 9415 9015 6615 2215 4615 8615 3015 1415 9815 5815 8215 7815 2615 1015 7015
25 9016 4216 9816 8216 2616 9416 6216 3416 616 7016 3816 4616 3016 8616 5016 7416 5416 1816 5816 216 2216 6616 7816 1416 1016
25 617 4617 3817 1017 4217 8617 1417 2617 9417 7817 5817 7417 8217 3417 9017 2217 5417 217 7017 6617 3017 5017 6217 9817 1817
25 7818 5818 7418 4618 3418 618 7018 5418 2218 1418 9018 2618 4218 9818 6218 3818 3018 5018 8618 8218 1818 6618 218 1018 9418
25 1019 4619 7819 1419 8219 6219 9419 619 6619 5419 219 2219 4219 3819 7419 3019 5019 9819 3419 1819 5819 8619 7019 2619 9019
25 7820 9420 9020 3420 1420 1820 6620 8220 4620 9820 2220 5420 1020 220 3820 6220 7420 4220 5820 5020 620 8620 7020 3020 2620
25 8621 621 3421 221 5421 2621 7821 7421 3821 2221 3021 4621 7021 8221 6621 6221 4221 9421 9821 5021 1021 5821 9021 1421 1821
25 7422 5422 7022 5822 1822 7822 9022 222 4222 8222 2622 2222 5022 3422 3822 9422 9822 4622 3022 8622 622 6622 1422 6222 1022
25 3823 623 3423 4223 6623 8223 1823 2223 9023 6223 2623 7423 9823 5023 5423 9423 7823 4623 5823 223 3023 8623 1423 7023 1023
25 7824 2224 7424 5424 5824 3024 7024 3424 224 9424 1824 6624 1424 2624 9024 5024 6224 8624 4224 8224 1024 4624 624 3824 9824
25 1425 9825 2625 225 4225 8225 5025 9425 7825 3025 3425 625 8625 1825 9025 6625 1025 3825 5825 2225 7425 5425 4625 6225 7025
25 2626 7026 9426 5026 626 3026 1826 4226 5826 8626 2226 7826 3826 8226 3426 6626 4626 226 7426 1026 9026 9826 5426 1426 6226
25 5027 9427 4227 9027 8627 7827 4627 2227 6227 627 1827 227 5427 7427 7027 5827 6627 2627 3427 9827 3027 1427 1027 3827 8227
25 8628 228 8228 1828 2228 5028 6628 2628 9028 9428 7428 628 5428 9828 7828 3428 4628 1028 7028 6228 4228 1428 3828 5828 3028
25 6629 9429 8629 1829 1429 5029 7829 4229 1029 5429 7429 7029 2229 629 3029 8229 3429 5829 9029 2629 9829 6229 3829 229 4629
25 8630 1030 9430 7030 630 9830 3830 4630 1830 6230 5030 2230 7430 7830 4230 5430 9030 6630 5830 2630 1430 8230 230 3430 3030
25 231 4631 1031 2231 7431 2631 7831 8631 6231 3831 9431 5031 5831 9031 6631 3431 3031 9831 1831 7031 5431 4231 1431 8231 631
25 9432 9032 1032 632 8232 3032 232 6632 5832 2632 9832 7832 1832 2232 5032 7032 3832 4632 6232 5432 4232 1432 3432 8632 7432
25 4233 4633 3033 5033 9033 6233 2633 5833 2233 7033 9433 7833 1833 5433 8233 6633 633 8633 9833 1033 3433 3833 1433 233 7433
25 4634 1834 3834 8634 7034 234 7834 8234 5434 6234 1434 2634 4234 9434 9034 5034 7434 634 9834 2234 3034 3434 5834 6634 1034
25 2635 2235 6635 9035 3035 635 8635 7035 7435 3435 5435 5835 9835 8235 5035 6235 235 9435 3835 4635 1435 4235 1835 1035 7835
25 8236 9036 3436 6236 236 6636 5436 2636 3836 8636 5036 4236 1036 2236 3036 1836 5836 1436 7436 7036 7836 9836 4636 636 9436
25 8637 5037 3037 637 7837 237 9837 4237 3437 1437 6637 6237 3837 9437 4637 5837 9037 1837 7437 2637 8237 7037 5437 2237 1037
25 1038 7838 5438 2238 1438 6638 3038 8638 638 9438 2638 4638 5838 5038 238 1838 9838 3838 8238 7038 9038 4238 7438 3438 6238
25 8639 7839 1039 6639 239 639 7039 5039 2239 2639 7439 3839 5839 5439 3039 9039 9439 1839 4239 9839 4639 6239 3439 8239 1439
25 1840 3040 5040 6640 2640 9440 7040 7440 6240 3440 3840 5440 1440 7840 4640 8640 640 9040 4240 5840 2240 8240 9840 1040 240
25 1441 3841 1841 7441 2641 5841 2241 6641 9041 4641 7841 5041 7041 9841 241 8241 9441 3041 1041 8641 3441 6241 4241 641 5441
25 3842 7442 5442 9842 4642 642 5042 6642 8642 9442 8242 2242 4242 7042 6242 242 3042 3442 9042 7842 1042 2642 5842 1842 1442
25 3843 8243 1043 4643 5843 9443 5043 3443 2643 6643 2243 7443 7043 5443 9043 7843 1443 4243 3043 8643 1843 9843 6243 243 643
25 8644 3444 244 2644 644 9844 7044 1044 1444 5044 2244 3044 4244 5844 9444 3844 6644 6244 7844 8244 4644 5444 9044 1844 7444
25 7845 2245 245 9045 7045 8645 1445 1045 3045 5445 7445 5045 1845 3845 5845 645 9445 4245 4645 3445 2645 6645 9845 6245 8245
25 3446 646 9446 6246 2646 4246 5846 5046 9846 6646 246 1846 5446 8646 3846 7046 9046 7846 8246 1446 7446 2246 3046 1046 4646
25 7447 4247 3047 8647 1447 5447 2647 3847 5047 4647 7847 9447 1047 3447 8247 9847 7047 247 647 2247 5847 9047 6247 1847 6647
25 4248 8648 1048 5448 5848 248 3048 1848 7848 2248 2648 6648 1448 648 7048 3448 7448 5048 8248 9448 6248 4648 3848 9848 9048
25 8649 5449 7449 1449 7049 649 5849 7849 6649 3049 3449 4649 2249 5049 3849 1049 9849 6249 8249 1849 4249 2649 249 9049 9449
25 1850 5050 1450 8250 9850 2250 2650 9450 3450 650 250 4250 4650 1050 6650 8650 9050 6250 5450 3050 5850 7850 7450 7050 3850
25 3851 1851 6651 7451 5051 5451 1451 7851 3451 4251 9851 2651 4651 8651 9051 3051 7051 6251 651 1051 2251 8251 5851 251 9451
25 2252 6652 1452 7852 5452 8252 4652 3452 1052 7052 5852 1852 9852 3052 9052 2652 5052 9452 8652 252 652 7452 3852 4252 6252
25 3053 4253 9853 1053 5853 253 4653 2253 653 6253 5453 7853 1453 1853 6653 9053 2653 3853 8653 5053 9453 3453 7053 7453 8253
25 3854 5854 8654 1454 6254 1054 7454 7054 3054 5454 9854 2254 4654 4254 6654 9054 254 9454 5054 654 3454 1854 8254 2654 7854
25 7855 6655 8255 8655 7055 2255 1455 655 2655 5055 5455 1055 9855 4655 255 3855 6255 5855 7455 9455 3455 3055 9055 4255 1855
25 5456 8656 1856 8256 6656 256 3456 2256 5856 7856 5056 2656 7456 4256 4656 3856 9056 656 1456 9856 3056 9456 1056 6256 7056
25 9857 3857 1057 3057 7857 4257 1857 5057 6257 5857 2657 8257 2257 3457 1457 9457 6657 7057 8657 9057 7457 257 4657 5457 657
25 2658 3458 658 3058 1458 5458 3858 6658 5058 6258 7858 7058 9858 4658 9458 2258 8258 8658 1058 1858 4258 9058 258 5858 7458
25 4259 3459 2659 9059 2259 9859 3859 6659 3059 5459 659 1859 4659 8659 8259 1059 7459 5859 259 7859 6259 7059 1459 5059 9459
25 5060 660 3460 5860 2260 260 7060 4260 4660 3860 7860 6660 8660 6260 1460 9860 5460 9060 9460 7460 8260 1060 3060 1860 2660
25 8261 5061 2661 3461 7861 4661 661 2261 1461 261 1861 6261 5861 6661 9461 9061 7461 9861 4261 5461 3061 8661 1061 3861 7061
25 3862 2662 3462 662 4662 8262 1062 1862 3062 7462 5462 4262 5862 2262 8662 7062 6262 9062 1462 6662 5062 9862 9462 262 7862
25 7063 1063 663 7463 9063 263 5863 4663 1463 1863 3463 6263 4263 9863 3863 2663 7863 8263 6663 8663 5063 3063 5463 2263 9463
25 4264 3064 5464 6664 8664 8264 4664 2264 9064 3464 7064 7864 664 2664 1064 6264 3864 1864 9464 1464 5064 5864 264 9864 7464
25 7865 4665 1465 665 265 2665 3065 7465 5065 1065 4265 5865 1865 6265 3465 3865 8265 9465 7065 8665 9065 5465 9865 6665 2265
25 1066 4266 3866 5866 6266 9866 9066 266 6666 5466 9466 2266 3466 7866 8266 1466 2666 7466 7066 3066 4666 5066 8666 1866 666
25 2267 8267 3067 2667 5867 667 4667 7067 6667 1467 3467 4267 5467 9467 9867 6267 9067 7867 3867 267 1867 7467 8667 5067 1067
25 7868 5468 9468 2268 8268 668 5068 1068 6668 1468 8668 4268 3068 6268 9068 1868 4668 3468 2668 3868 268 5868 7068 9868 7468
25 3069 4669 9069 5069 5869 1469 8269 1069 8669 7869 7469 3869 9469 5469 1869 6269 4269 669 3469 269 9869 6669 7069 2269 2669
25 4670 3070 1470 1870 9870 270 1070 7470 6270 7870 670 4270 3470 9470 9070 5870 2270 7070 5070 8270 6670 5470 2670 3870 8670
25 3871 6271 671 7471 4271 2671 9871 6671 1471 5871 8671 2271 271 7871 3071 8271 1871 4671 3471 1071 7071 5471 9471 9071 5071
25 9472 1072 2272 3872 672 7072 6272 9872 3072 5472 5872 1872 2672 1472 8272 6672 7472 4272 7872 272 8672 3472 4672 5072 9072
25 7473 5473 3873 7873 6273 8273 273 2273 9073 9473 7073 9873 5073 3073 3473 2673 1873 6673 8673 4273 5873 4673 673 1073 1473
25 8674 3474 2674 9074 7474 4674 5874 7074 2274 274 7874 5074 3874 9874 674 5474 8274 3074 1074 4274 6674 1474 6274 9474 1874
25 9075 9475 3875 7475 6675 5075 6275 8675 9875 5875 1075 275 3075 675 2275 7875 2675 1475 3475 4675 8275 1875 5475 4275 7075
25 9476 4676 5076 7076 9876 2276 4276 5476 3876 276 1876 8676 676 1076 5876 7876 1476 3076 6276 2676 3476 6676 7476 8276 9076
25 4277 677 3077 5477 3477 8677 5077 9877 7877 4677 6277 9077 1477 277 3877 9477 7077 7477 8277 1877 6677 2277 1077 5877 2677
25 678 3878 3078 9078 2278 278 4278 6278 5878 5078 1078 3478 8678 7478 1878 4678 7878 7078 6678 9878 9478 8278 1478 2678 5478
25 3479 5879 5079 1079 3879 279 2279 7079 2679 9479 9079 4279 7879 679 9879 8279 7479 3079 6279 6679 1479 1879 5479 8679 4679
25 7480 3080 3880 2280 9080 6280 280 9480 8280 8680 5880 3480 1480 1080 7880 4680 4280 7080 2680 5080 6680 680 9880 5480 1880
25 9881 2681 7481 2281 4681 5881 1881 281 7081 5081 681 8681 1081 9481 3881 7881 3481 6281 6681 8281 5481 9081 3081 4281 1481
25 9882 4682 4282 682 1082 6682 3882 5082 9482 1482 8282 282 8682 5882 7082 3082 2282 5482 3482 7882 2682 9082 6282 1882 7482
25 1483 7083 7883 3083 3483 8683 6283 683 4283 8283 1883 283 5083 3883 1083 5483 2683 4683 6683 9883 9083 2283 5883 7483 9483
25 4684 8684 9884 7084 3484 1084 1884 3884 5884 6684 7484 3084 6284 4284 1484 5084 284 2284 9484 5484 7884 8284 9084 2684 684
25 3885 6685 8285 5085 4285 4685 6285 1885 3085 7485 9085 5885 7085 9485 1485 7885 8685 2685 9885 3485 5485 1085 685 2285 285
25 9086 1886 2286 7886 3886 8686 7486 9486 5086 9886 3486 6286 286 7086 8286 4686 2686 1086 1486 5486 686 4286 3086 5886 6686
25 3087 2687 9887 9087 4287 7087 5487 7887 7487 1887 8287 287 9487 8687 1487 2287 3487 5087 6287 6687 4687 5887 1087 687 3887
25 5488 8688 9888 2688 9088 4688 5888 6288 7888 3488 4288 9488 1488 3888 8288 1888 5088 6688 7488 288 1088 7088 688 3088 2288
25 1489 6689 9889 5089 689 7089 6289 3089 7489 8289 4289 7889 2689 3489 4689 1089 8689 9089 289 2289 5889 5489 3889 1889 9489
25 8690 5490 6290 6690 7890 9490 4290 1890 3490 5890 4690 290 2290 5090 9890 1490 1090 690 2690 7490 7090 3090 9090 3890 8290
25 1491 7091 8691 1091 6691 7491 9091 4291 2291 9491 3891 691 8291 2691 9891 4691 1891 291 5491 6291 3091 5891 7891 3491 5091
25 292 7092 8692 5892 9492 692 1892 6292 3892 9892 7492 2292 4692 2692 5492 4292 5092 3092 7892 1092 9092 1492 8292 3492 6692
25 3093 7893 4293 6693 7493 5093 3893 9893 2293 3493 1493 7093 9093 1093 8693 8293 4693 293 5893 9493 5493 1893 6293 693 2693
25 3894 2294 1494 4694 7894 3094 9094 5894 294 9494 5494 4294 6294 8694 694 7494 3494 8294 2694 1894 1094 9894 7094 5094 6694
25 7495 3495 295 6695 8695 3095 6295 695 3895 4695 9095 4295 2295 7895 1095 7095 5095 1495 5495 8295 1895 9895 5895 9495 2695
25 9096 1896 6296 4296 9496 8696 4696 8296 2696 7896 296 3896 5096 3096 1496 7096 2296 9896 696 6696 5896 5496 7496 1096 3496
25 697 1497 3097 5497 4297 3897 8697 1897 6697 3497 1097 7897 9097 4697 5097 5897 297 2697 9497 6297 7497 8297 9897 7097 2297
25 1898 7098 3498 8698 9498 1498 6698 3098 9098 9898 3898 4298 1098 298 7898 7498 5098 8298 698 5898 2698 2298 4698 6298 5498
25 2699 4699 7499 6299 1099 3499 299 9099 7099 9499 5499 699 4299 5899 8699 3099 3899 8299 1499 2299 5099 1899 9899 6699 7899
25 7900 4300 6700 2700 3100 7500 1900 9900 300 1100 3500 1500 9500 5100 4700 8300 700 7100 5500 8700 5900 6300 3900 9100 2300
25 1101 8301 701 1501 5901 2701 1901 9101 2301 7901 3901 3501 3101 5101 6701 5501 4701 8701 9501 7101 9901 6301 301 7501 4301
25 9902 1902 4702 6702 5902 1502 5102 7502 302 9502 3902 4302 3102 6302 7902 2702 2302 8302 3502 9102 7102 5502 702 8702 1102
25 1903 6703 4703 3103 4303 1103 1503 7103 703 2303 8703 5503 9103 7503 2703 6303 303 7903 3503 9903 5103 9503 3903 8303 5903
25 6704 2704 2304 4304 9104 7104 704 304 1104 5504 1504 5904 5104 6304 3904 1904 9904 7504 4704 7904 8304 8704 3104 3504 9504
25 6705 9905 7505 7105 2705 3105 4305 705 1505 6305 8305 5905 7905 2305 3505 8705 305 5105 1905 9105 4705 9505 5505 3905 1105
25 4706 9106 8706 1106 6706 9506 5906 3106 1906 1506 2306 7106 3906 4306 9906 3506 7906 5106 5506 706 6306 2706 7506 8306 306
25 1507 2307 9107 6307 8707 7107 6707 7907 4307 4707 1107 3107 1907 3907 7507 9907 307 2707 5507 5907 5107 8307 9507 707 3507
25 3908 8308 7508 6308 8708 6708 3108 2708 7908 4308 308 5508 9108 4708 1508 9508 1908 9908 5108 708 5908 1108 3508 2308 7108
25 7509 3509 1509 8709 309 2309 1109 3109 8309 3909 709 1909 6709 5109 9909 4309 6309 5509 4709 5909 9109 9509 2709 7109 7909
25 9510 8710 7910 3110 8310 1510 5110 6310 5510 1910 1110 9110 6710 4710 4310 710 3910 3510 2310 7510 5910 2710 9910 310 7110
25 7111 2711 5511 9111 711 1911 5911 3511 5111 9511 6711 4711 1511 9911 8311 4311 2311 3911 7911 1111 6311 7511 3111 8711 311
25 3912 5112 6712 8712 7112 3112 4312 8312 5512 1912 7912 2312 2712 9912 1112 7512 6312 5912 9112 312 4712 9512 3512 1512 712
25 5113 4313 8713 2313 3913 6713 8313 9113 3513 2713 1913 3113 4713 713 6313 5913 7513 9513 1113 313 1513 7113 9913 7913 5513
25 2314 9114 7914 4714 3514 6714 5514 8714 7514 9514 1514 5114 714 2714 314 3914 8314 6314 3114 7114 1914 4314 5914 9914 1114
25 3115 9115 5515 5915 7515 8315 4315 715 6715 7915 6315 3915 9915 5115 8715 1915 1115 4715 1515 315 7115 2715 2315 3515 9515
25 3916 7116 4316 6316 1116 1516 9116 1916 9916 716 316 5916 7916 8316 9516 6716 2316 5116 8716 2716 5516 4716 7516 3116 3516
25 3517 9517 6317 8317 7117 2317 8717 7517 1117 1517 9917 1917 317 5117 9117 3117 5917 717 7917 5517 3917 6717 2717 4317 4717
25 2318 4318 3518 7118 8318 6718 9918 4718 9518 3918 9118 718 6318 5918 7918 1518 5118 3118 7518 5518 1918 8718 318 1118 2718
25 2719 5119 4319 5519 4719 6719 319 2319 1519 3119 9119 7919 3919 1119 9919 1919 3519 8319 7119 7519 9519 6319 5919 8719 719
25 1120 3520 7920 7120 3920 8320 2720 720 9120 1920 5120 1520 2320 3120 4720 6720 5520 8720 7520 5920 320 4320 6320 9920 9520
25 5921 3521 1121 8321 2321 4721 7921 9521 3921 5521 721 1521 3121 2721 321 6721 5121 8721 1921 7121 7521 9921 4321 6321 9121
25 2322 3522 9522 1122 5522 9122 5922 7922 9922 5122 3922 1522 6722 4322 8322 3122 2722 322 4722 722 6322 8722 1922 7522 7122
25 4323 1123 6723 5923 3923 5523 1523 3123 7123 9923 4723 9523 2723 5123 8723 3523 7523 2323 8323 9123 7923 6323 1923 323 723
25 8324 3124 3924 1924 5924 7124 5524 724 4324 8724 4724 1124 3524 9524 2724 6324 2324 9124 324 1524 9924 7524 5124 7924 6724
25 7925 1125 2325 8725 325 725 5525 9125 9525 5125 7525 4725 2725 3925 3525 5925 3125 8325 6325 1925 1525 7125 6725 4325 9925
25 5526 3126 7526 9526 1926 9126 9926 6326 7126 4726 6726 5926 326 3526 4326 5126 1526 1126 2326 2726 7926 726 8726 3926 8326
25 5927 1527 4327 3127 5127 8327 1127 2727 9527 7527 5527 727 9127 327 6727 2327 1927 3927 7927 3527 7127 6327 4727 8727 9927
25 5128 6328 7128 1528 728 5528 2328 9928 3128 328 1928 8328 7928 9128 4728 1128 6728 2728 4328 5928 3928 3528 8728 7528 9528
25 6329 4729 729 1929 3129 3529 3929 7129 7529 5129 5529 5929 9529 1129 8729 8329 2329 9129 6729 2729 329 9929 7929 1529 4329
25 1530 4330 6730 3130 3930 6330 1130 330 9930 2730 7530 5930 730 5530 9130 1930 5130 7130 4730 2330 7930 3530 8330 9530 8730
25 3931 9931 7131 7531 5131 4731 331 4331 731 3131 9531 6731 2331 5931 1531 9131 6331 3531 7931 2731 8731 1931 8331 5531 1131
25 1532 9132 4732 9932 6332 9532 8732 1932 6732 3932 2732 7532 732 7932 3532 7132 3132 5932 4332 2332 5132 8332 5532 1132 332
25 3933 1133 3133 7133 9133 6733 8733 733 2733 5133 8333 333 7933 4733 1933 5933 7533 2333 4333 3533 9933 9533 1533 5533 6333
25 6334 1134 5534 1534 4334 6734 2734 9134 9934 8734 4734 3934 1934 334 7134 9534 2334 734 3534 3134 7934 5934 8334 5134 7534
25 5535 7935 335 735 8735 5135 5935 2335 7135 3535 9535 1535 3935 9935 4335 6335 8335 9135 4735 1935 2735 7535 6735 3135 1135
25 9936 1136 9536 5936 8736 9136 2336 8336 6336 4336 6736 3136 7136 336 736 1536 5536 5136 7536 1936 3536 7936 4736 3936 2736
25 9937 7537 9137 4737 8737 7137 3937 6737 8337 9537 5537 7937 337 6337 2737 1937 1137 737 5937 3137 1537 3537 2337 4337 5137
25 6338 8338 7538 7138 8738 5538 3538 2738 5938 9938 4338 3938 9538 1938 6738 4738 7938 338 738 1138 2338 1538 3138 5138 9138
25 739 6739 3139 7939 4739 5939 2339 7539 9539 6339 3939 9139 5539 1139 7139 5139 1539 2739 9939 339 4339 1939 8339 8739 3539
25 4740 740 5940 7140 3140 1540 7540 2340 9940 340 9140 2740 8740 4340 3940 3540 5540 9540 1940 6340 6740 5140 7940 8340 1140
25 3141 7541 6341 2341 9141 741 7141 3541 2741 1141 6741 9941 1941 341 4741 8741 4341 5541 7941 1541 3941 5941 8341 9541 5141
25 5942 6742 4742 9942 8742 7542 9142 4342 3542 5142 342 5542 3942 3142 1942 7942 6342 9542 2742 1142 7142 1542 2342 8342 742
25 6743 743 4343 5543 7543 343 9543 1543 4743 1943 2743 3943 6343 3543 5943 5143 8343 7943 8743 9143 7143 3143 9943 2343 1143
25 9944 9144 5944 7144 8744 3144 3944 344 1544 7944 9544 5144 3544 7544 6344 5544 2744 2344 4344 744 8344 1944 1144 4744 6744
25 6345 1145 7545 9545 3545 5145 7145 345 9145 4745 2745 1945 2345 5545 3945 745 5945 7945 8345 9945 8745 4345 3145 6745 1545
25 2746 4346 8746 9546 8346 3946 3546 746 7946 6746 4746 5546 346 6346 3146 1946 9946 5946 5146 7546 9146 7146 1546 1146 2346
25 5947 9947 6347 1547 6747 8347 5547 1147 7547 4347 347 747 2347 4747 3947 3547 8747 9147 9547 1947 7947 2747 5147 3147 7147
25 4348 5948 6748 5548 7548 3148 3948 1548 7148 1148 5148 8748 9948 2748 1948 9148 2348 348 4748 748 3548 9548 6348 8348 7948
25 7549 9149 7949 6749 349 5149 4749 749 2349 1549 3149 7149 9549 8349 3549 8749 1149 3949 5549 9949 4349 5949 2749 6349 1949
25 3950 9950 4350 1950 9150 6750 7950 3150 8350 1550 4750 7550 1150 5150 8750 3550 2750 5550 2350 750 6350 7150 350 5950 9550
25 9551 9951 5951 3951 751 7151 1151 8351 3151 1951 6351 8751 2351 7551 3551 7951 6751 5551 4351 9151 5151 351 1551 4751 2751
25 2352 5552 1152 1952 3152 7552 6352 8352 1552 2752 352 6752 752 9952 8752 9552 5952 4752 9152 3952 5152 7952 7152 3552 4352
25 9953 3153 1953 2753 6353 7953 3553 5153 4353 3953 5953 753 1153 9553 8753 2353 353 7553 8353 1553 4753 9153 7153 5553 6753
25 6754 5554 7554 754 9554 3554 8754 1154 4354 5154 6354 3954 4754 1954 3154 9154 2354 8354 7954 7154 354 2754 1554 5954 9954
25 5155 7955 9955 3155 7155 2355 5555 9155 4755 755 1955 3555 3955 1155 2755 355 8755 5955 9555 8355 4355 6355 7555 6755 1555
25 3956 5956 3556 9956 3156 2356 7156 2756 4756 4356 6356 8756 356 1556 9556 6756 5156 7956 1156 9156 756 7556 8356 5556 1956
25 757 357 1557 6757 1157 4357 2357 3157 2757 5157 9557 5957 6357 9957 9157 1957 4757 8757 7157 7557 8357 3957 5557 7957 3557
25 1158 6358 3958 1958 358 5958 758 5558 7158 6758 2358 1558 9558 7958 8358 9958 3558 3158 7558 9158 4758 4358 5158 8758 2758
25 7159 759 9959 359 7559 4359 9559 7959 5959 6359 3559 9159 4759 6759 5159 5559 3159 1559 8359 3959 8759 2759 1959 2359 1159
25 9560 5160 3160 8360 4360 6360 4760 5560 3960 2360 6760 760 7160 8760 1960 7560 7960 1160 9960 5960 360 9160 2760 1560 3560
25 3561 6361 7161 8361 7961 3961 1161 2361 761 9161 2761 1961 361 9561 9961 8761 4761 5161 6761 5961 1561 5561 7561 4361 3161
25 8362 5162 9562 2362 3162 7562 3562 3962 9162 9962 1162 7162 1962 2762 4362 5962 4762 7962 762 362 6362 8762 6762 1562 5562
25 2363 3963 8763 5163 6763 7963 1163 1963 7163 9963 8363 5963 363 4363 9163 3563 2763 7563 5563 763 6363 4763 9563 3163 1563
25 7564 9164 3564 6764 6364 7964 5564 4764 8764 2764 3164 1164 5964 8364 9564 1964 9964 2364 7164 764 1564 4364 5164 3964 364
25 5565 3565 5165 1165 2365 9165 765 4765 7965 1965 5965 9565 365 7565 3165 8765 9965 3965 4365 7165 8365 6765 2765 1565 6365
25 5966 5566 6366 366 8766 2766 7566 7966 7166 9566 1966 9166 2366 8366 1566 3966 1166 4766 6766 5166 4366 3166 9966 3566 766
25 7567 1567 7967 5567 2367 3967 6767 8367 2767 7167 1967 6367 1167 9967 5967 3567 4767 9167 5167 4367 3167 9567 367 8767 767
25 3568 5568 9168 9968 8368 7568 9568 1968 1168 8768 4368 7168 6368 3168 7968 1568 3968 6768 4768 2368 2768 5168 768 368 5968
25 5569 769 9969 2369 7169 3569 7569 9169 7969 3969 8769 4369 8369 4769 1169 6369 2769 1569 1969 369 6769 3169 5169 9569 5969
25 370 2770 3170 6770 1170 6370 8770 7170 7570 9570 5170 4370 3970 4770 7970 1570 9970 5970 8370 9170 2370 770 3570 5570 1970
25 1971 9171 771 8371 9971 9571 7571 2771 7171 4771 1171 6771 5571 371 3971 2371 1571 8771 3171 4371 5971 3571 6371 5171 7971
25 7572 1972 8372 5972 9972 372 7172 4372 3172 8772 1172 6772 5172 3572 2372 9572 1572 6372 2772 9172 3972 5572 772 4772 7972
25 3573 7573 9173 1173 373 9573 7973 6373 2373 7173 1573 5973 5173 9973 6773 3973 3173 4773 2773 4373 8373 5573 1973 773 8773
25 5974 4374 1974 9974 6374 7974 374 3574 5574 6774 1574 7574 9574 3974 1174 9174 2374 3174 8774 774 5174 8374 7174 2774 4774
25 2775 8375 7975 5175 8775 6375 3175 5575 3575 2375 1175 9975 1575 4775 7175 775 4375 1975 9575 6775 3975 9175 375 5975 7575
25 3576 4376 4776 7976 8776 6776 7576 2776 8376 1576 5576 3976 9976 6376 9176 3176 1176 9576 5976 376 1976 2376 5176 776 7176
25 4377 7177 8377 6777 1577 3977 5177 9577 7977 3577 3177 2377 9177 8777 4777 777 5577 9977 7577 1977 5977 377 1177 2777 6377
25 7178 8378 7578 4778 1578 4378 6778 778 3978 6378 2778 8778 9178 5978 2378 9978 7978 5178 378 9578 1978 3178 5578 1178 3578
25 779 1179 5179 6779 8779 3579 6379 3979 7179 2779 9979 7979 8379 5579 1979 2379 4779 9179 1579 4379 3179 7579 379 9579 5979
25 5180 6780 7580 1980 1580 4780 9980 7180 2780 8380 7980 780 380 6380 3180 2380 3980 9180 9580 5980 4380 5580 1180 8780 3580
25 7981 781 8781 9981 381 6781 1581 3581 5981 8381 9181 4781 2781 3981 7181 1981 5581 1181 9581 2381 4381 5181 3181 6381 7581
25 9982 3582 3182 4382 7582 8382 782 5182 7982 1182 3982 4782 9182 1982 8782 9582 5582 6782 382 2382 7182 2782 1582 6382 5982
25 4783 5183 9983 6383 6783 1583 3983 8783 4383 2383 8383 9183 7583 783 383 3183 1183 5583 3583 7183 7983 9583 2783 1983 5983
25 1984 2784 3984 1184 4784 5984 1584 9584 3584 7984 6784 4384 7184 5584 8784 3184 7584 9984 8384 5184 6384 9184 784 384 2384
25 5585 385 3585 7185 9185 3185 6785 2785 1185 6385 2385 7985 1985 1585 8385 785 3985 4785 5185 8785 7585 4385 9585 9985 5985
25 2386 8386 786 2786 6786 5586 386 5986 7586 3586 4786 7186 6386 4386 3186 5186 1986 8786 7986 9586 1186 9986 1586 3986 9186
25 4787 5187 2787 2387 5587 3987 1587 3587 7987 387 7587 9187 8787 5987 3187 7187 9987 1187 1987 6787 4387 9587 787 8387 6387
25 7188 1188 9988 9188 1988 2388 5588 5188 5988 6388 3588 3988 8388 1588 4388 3188 2788 6788 788 7588 4788 9588 7988 388 8788
25 9589 6789 4789 8789 1989 2789 3589 1589 5189 5989 3189 2389 9189 1189 4389 3989 7589 6389 9989 7989 7189 8389 5589 789 389
25 6390 2390 9590 3190 5990 790 4790 9190 390 8390 7190 7590 9990 1990 5190 8790 3590 5590 6790 1590 2790 3990 4390 1190 7990
25 391 2391 791 5191 4391 5591 2791 4791 8791 1191 9591 6791 7991 6391 3991 7591 9191 3191 9991 1591 8391 1991 3591 7191 5991
25 5592 8392 1592 9992 6392 4792 3192 7592 4392 792 9592 5192 5992 392 2392 9192 7992 3592 3992 2792 6792 7192 1992 8792 1192
25 4393 793 7593 1593 3993 9993 1193 9193 2393 9593 8393 3593 5193 1993 5993 6393 7993 2793 393 7193 6793 5593 8793 3193 4793
25 7594 5594 1994 6394 4794 9994 8794 394 3994 2394 5194 4394 794 2794 3194 9194 9594 1594 7994 7194 3594 5994 6794 8394 1194
25 5195 6395 9195 4795 2395 3195 3995 9995 7995 9595 795 1595 5595 8795 395 7595 5995 4395 1195 3595 8395 1995 2795 6795 7195
25 396 5996 3196 2396 1196 9196 6796 4396 8796 7596 1996 8396 1596 5196 796 3596 6396 3996 9596 5596 7996 2796 9996 7196 4796
25 6797 1197 797 3997 7197 1997 4797 3197 2397 8797 9597 1597 2797 9197 4397 7597 3597 397 9997 5597 5197 5997 6397 7997 8397
25 7598 1598 8398 2398 6398 4798 4398 3198 7998 6798 9598 1198 2798 9198 5998 398 5598 3998 3598 9998 8798 5198 7198 798 1998
25 5999 4399 2799 7199 6799 399 2399 1999 8799 5199 3999 8399 7999 1599 3599 5599 3199 1199 4799 9599 9199 6399 7599 799 9999