469 1400 4900 2800 7700 3150 6300 350 7975 1028 2230 9961 3847 5384 9097 463 539 2041 2206 2591 3215 3657 9291 9885 4750 4871 5043 5252 7281 765 2247 4981 2303 2317 3517 7697 1281 3813 5038 5760 6715 4563 728 2471 2617 3438 7850 2302 2521 6272 403 1765 3474 6194 8414 829 861 3807 5830 9567 1497 2647 6533 7628 9575 3801 4255 7152 8621 323 2035 3499 137 371 8093 1321 6807 2010 6457 9630 1367 2834 3328 3596 2124 7799 510 2884 4321 9056 9469 778 3527 3843 5019 5274 8475 9063 2616 2789 3083 7122 178 3564 8374 9013 228 858 3468 7731 802 5037 6963 7824 1305 1489 6997 7357 8403 9829 4028 7758 6805 8525 2063 2483 5661 9574 4389 4420 8433 3221 4468 4837 4555 6743 9400 1637 9483 3583 2733 4557 1288 2872 3359 6458 6486 8334 196 2580 4755 4842 9602 120 710 6339 8165 4681 2251 1013 2372 8344 8451 1338 3274 3964 1672 4613 4849 7008 562 2113 5174 8311 10 2432 3047 4571 5933 1115 9137 6091 1313 5948 7512 8326 9687 5593 4087 4197 5319 1193 7375 8560 1966 5612 7457 4679 9730 5642 6854 8594 533 2900 5894 2341 8245 1069 6530 2957 5484 9641 1118 3356 9362 825 4809 1464 4761 2754 4863 6090 1939 2462 3943 1150 1885 5367 9949 7347 8917 6550 6848 1183 2721 4387 8533 9431 4457 8779 6075 9367 1351 6188 734 7627 4687 5766 7012 4177 2122 7311 1304 2187 3820 806 4559 865 4138 6469 1384 8382 549 5697 1580 7250 376 3015 9617 2213 9922 4498 9944 4547 1496 9011 8298 341 1337 1709 4779 7696 8259 8520 2816 8226 1005 1687 6079 8305 44 2155 7224 8589 6413 6181 8058 2865 5707 696 7002 2630 1002 8280 5985 9684 6468 9844 2932 3329 9345 7730 2480 9275 6381 1773 4220 8676 1363 3106 2478 6031 6627 509 1620 4544 7518 4633 7652 5899 8527 9618 1615 7736 9855 2665 2894 4296 1550 3627 7091 6335 101 3365 4405 2402 471 5736 5717 2518 3849 8736 4331 7341 2445 4747 2425 5080 2481 9066 1279 4945 176 3692 1820 5347 7898 3646 5586 2597 2704 4345 9387 7856 2625 7860 6937 1324 1518 5626 5710 2070 4635 344 9703 1775 5065 6179 6127 9624 6228 3344 172 7206 2214 7506 1211 6789 3706 126 7215 6353 4570 8115 9518 6063 8117 1581 6702 424 8270 8279 7263 8928 6072 7184 6830 3445 3760 7617 372 5807 5581 2002 9480 8342 3129 1287 7013 3691 2015 2726 4664 9881 8216 3188 2691 9346 7 5907 3232 3649 4884 2172 8065 3554 4326 6689 2905 5391 7608 6289 4618 6216 9765 8167 9982 5362 6139 6801 821 4150 2856 3014 3652 6479 6626 638 5561 1001
8 8401 4901 3501 1401 1751 8751 1 8051
8 1052 5602 9802 3502 6302 4552 3852 5955
7 3 2803 353 7003 2103 703 7353
202 2804 2104 5954 9804 6654 7704 704 3504 3854 4 810 702 8356 8797 2693 3987 3694 2472 1745 4415 1049 5005 4152 4391 1787 2279 3702 4867 2746 4858 1138 6826 3858 311 1238 468 3545 5121 5297 8369 135 319 7000 964 6436 4356 9178 4612 2998 609 7361 4201 5862 8322 1458 664 7379 2011 2289 943 4515 3797 7623 1493 3429 965 2982 1606 5438 9276 833 8335 6400 5417 2697 4106 8691 8769 1490 8794 4229 3569 3394 3007 8984 8738 6701 9587 1803 8762 317 9409 7783 4470 732 3688 2802 1477 4012 7366 6110 2184 8318 4675 2871 2632 8955 5813 4343 6708 3530 7019 6837 3059 7895 4021 3055 9102 8749 1899 2895 6923 4653 3749 3712 9847 2467 7517 6760 2719 7659 2668 3512 1061 2824 3548 3800 7417 1478 8804 649 878 5259 6039 9991 8007 4537 1231 8558 1747 8573 8666 9818 1724 5816 1249 3662 6542 8363 4881 9519 7237 8542 1341 9545 942 282 8409 8879 9673 8845 3946 1223 797 3034 9582 8900 7322 4932 6066 8752 1003 3178 315 6159 6948 8426 1887 7924 1397 6246 1046 8485 1078 7956 6932 5292 5232 7563 7899 2216 2484
7 2805 8055 4905 705 4205 9105 2766
8 6656 8756 9456 8406 3506 4906 526 5832
32 2107 9807 707 2457 1757 9457 7707 8057 357 726 3027 5156 6258 7458 479 9378 6910 9268 5151 2841 3405 4248 7679 9721 1994 9329 2018 5797 2439 4323 184 9229
7 2808 5958 5608 8758 2635 2150 3448
9 3859 2109 5609 3159 4209 709 8220 7937 6975
10 9110 9460 7710 8760 9810 5260 6660 4910 2996 8948
8 6311 7711 4211 3161 2461 4561 5030 3505
8 4912 3162 4562 9812 4967 2922 4904 5233
41 2463 8063 9113 5263 9463 713 363 13 3163 1893 9498 5984 1712 6857 7011 6699 3746 3951 9884 8234 8193 7151 8765 8204 768 1152 9454 2395 7777 8423 6215 3647 5053 4079 8728 4647 8330 2260 8189 1215 7009
6 2114 9814 8764 1414 5614 2464
9 1065 9815 2815 7365 5265 4915 3165 6570 6812
7 1766 7016 3166 366 4916 9445 4662
6 5267 2117 717 6317 8767 2209
8 4568 3168 7018 6668 6318 2818 1418 9360
11 2819 8419 1769 719 6319 5269 9119 4219 8069 7918 1691
10 1070 9470 9820 8070 7370 9120 8420 9692 3247 1348
8 1771 1421 7371 8421 6321 21 9821 6197
10 3872 722 22 3522 9822 6672 3172 7722 8072 6322
11 2473 3523 1423 4923 23 9123 2123 2820 8103 4611 7678
10 8074 7024 724 6674 5624 374 8774 3524 2496 3169
8 4925 2475 3175 4575 1179 3117 3516 2182
9 9476 8076 1076 6326 5976 4576 2476 3526 1468
12 7377 5977 9127 727 5277 9477 6677 377 7216 5245 6600 4757
8 4928 4228 9478 3878 9128 9828 2128 3528
11 7029 2829 379 6329 7729 8079 5979 3875 493 42 7324
203 5630 30 1080 6330 4580 3880 4230 2830 6001 6931 7871 7695 5537 487 2858 9806 1429 5585 931 7769 5945 9241 6464 5671 9494 1282 1854 164 6551 1042 5619 630 6676 6580 674 7691 662 81 5670 7800 5315 8381 2207 4703 6393 1306 1127 1203 7316 4241 6167 7513 6359 893 76 6567 4497 3348 8649 4377 2331 4550 115 7108 2826 7526 2989 3243 2613 177 1609 6230 96 1767 1525 3553 4579 8968 3470 7459 204 5487 1344 2019 683 2153 5825 8876 2947 9233 559 1128 8008 9926 4161 2116 3837 3879 4269 1488 6453 8459 8825 3424 2047 9674 7213 7390 9353 2949 4638 5554 5812 6577 1194 110 8081 2245 1081 4686 6126 7140 5196 5205 7998 83 8191 8124 7680 5468 759 7734 8458 5477 730 7440 9562 7268 7374 2850 17 6249 6213 3004 8225 7319 7917 8075 3152 1589 5479 6761 9918 9187 469 2342 6325 3416 3906 852 9965 4340 5488 6271 2623 4520 4414 8859 8684 6606 1702 3102 6552 5531 9550 5578 9643 3790 3655 2453 2022 6008 6751 7072 6290 2309 9381 9914 1058 7069 2810 5250 6141 5715 2975 9043 7533 7553 5685 2444 2729 1181 8941
38 7031 1781 31 9481 4231 5981 8431 2131 3531 3881 9831 523 8125 8366 9695 7694 4458 9352 4896 6474 6925 1926 4926 460 7116 1515 1776 4628 5307 6027 6504 9772 2992 8910 1639 1961 5911 4341
17 4232 3182 1082 1782 2832 9832 6332 8082 32 4166 548 1330 6778 6231 8717 6032 6756
29 4933 7733 3533 383 7383 8783 5983 8083 474 4349 8504 476 6729 416 5077 8586 2169 3278 8052 5244 4710 4126 1390 9489 1229 5705 1865 7117 555
5 7034 8434 4234 1434 2440
5 2485 9485 3185 3885 389
6 3536 7036 2836 4466 4077 6198
14 387 3537 5287 7387 6337 4587 1437 37 1125 1038 6687 4170 4067 9940
13 3888 5288 7038 4588 8088 1438 38 4238 2138 6688 1088 3756 4107
8 9839 8439 7389 2489 4939 5989 2839 8184
11 1090 8090 5990 1790 8790 2490 1440 40 596 8543 256
7 741 6341 1091 9491 1791 8441 577
14 5992 7392 8442 6692 1092 4592 9842 8092 1271 9791 5595 552 4944 2916
12 5293 7743 3193 3543 6693 1443 3893 1093 2493 4593 1793 2517
7 6694 8094 4244 394 2144 5801 2351
10 3195 9145 2145 1795 2495 3895 45 6980 2583 3503
14 8446 9496 9146 1446 7396 7746 1096 9846 396 5646 746 2146 1191 9589
7 9147 5647 4597 1097 7747 445 9211
5 9848 4598 48 7851 8172
34 4949 9499 3549 399 7399 5999 8099 1187 8372 2765 8657 8227 2005 9951 6155 3005 6493 5516 676 9190 9095 684 4529 3347 8937 4393 7327 8569 9467 7910 883 9462 2337 4145
15 50 3550 5650 4950 4250 9500 6700 1800 8800 2500 400 94 3496 2335 2442
8 2501 1451 4951 751 2851 4601 9501 4251
9 402 6002 3202 1452 3902 5302 4952 7052 846
4 5303 6703 8453 6003
353 1804 404 754 3904 54 9154 9504 6004 7054 2854 6704 2504 8454 9854 9492 3385 4239 7969 170 1100 3735 1124 6973 5400 7543 3177 1210 2860 375 4400 9761 304 229 3932 5940 1760 2218 4001 9115 2912 4621 4673 4495 4151 3745 6244 5218 4186 530 792 1165 8108 4096 8663 3336 3908 1612 1207 8398 5514 7706 5951 8047 2857 6711 9809 4262 8261 5313 5446 1248 5611 3556 1761 3269 863 4098 6224 6025 7531 6811 3131 39 4617 4500 7232 5975 5804 9172 1571 6049 8857 6419 1832 7355 3325 8597 3389 8761 4818 4348 4864 7430 3515 1087 6615 4722 7118 1949 6512 1519 55 740 8303 9239 8956 4332 7927 4035 6388 3319 7282 9779 2062 6624 2680 237 4381 190 4121 1532 8231 4524 8886 6996 7727 72 8430 8787 4936 3481 1578 3734 6545 9586 9878 7509 4800 3674 4265 6293 5159 6149 9505 5191 3606 5824 1473 3747 4595 4838 9948 2783 652 3226 8846 2102 2650 5996 4213 2631 6798 127 3457 9226 9566 5075 7048 3444 8635 6981 8664 2516 2661 4371 4036 9615 9565 8665 9083 3607 1692 9186 7455 8463 9661 7146 3343 1686 3740 3294 1735 8061 998 1576 3156 7499 963 5006 496 5932 4540 573 2723 7106 4247 6187 3026 4763 475 1878 4254 9280 2132 6960 8522 6755 8425 8990 2565 6059 6418 3565 6568 7345 3672 407 6561 5704 4440 7770 845 7522 4204 5746 2885 5242 9399 9857 1628 2886 3406 5998 3293 4146 9652 5486 2257 6569 4623 4202 4335 410 8021 1447 6251 834 8921 7673 6810 9834 9032 5666 1701 5507 5823 441 2667 342 4998 3842 7373 2660 1540 6195 440 8313 5817 1719 1171 8548 4862 6904 2492 5573 3626 4706 6365 7017 2910 4010 8601 3120 57 4814 1156 969 364 2817 8578 2991 6757 7795 1591 8496 7999 5363 9170 7934 3493 2831 4042 6045 2778 8429 1084 7819 9776 3023 8059 7023 6589 9379 4924 9347 1180 5623 202 8307 7492 6169 5398 1162 6865 5392 8323 7796 47 9723 79 5928 9109 8799
11 1105 6005 2855 6355 8105 7755 7405 1455 8455 4246 9727
5 5656 8806 2156 4114 9168
7 8107 6357 4257 9507 3207 1457 7057
12 8808 5658 3558 1108 6358 9158 5308 4958 1204 7487 626 4057
34 2859 9159 6009 9509 6709 2159 7409 4959 3209 5659 3559 4609 2365 8286 271 4803 1139 8003 2469 130 1053 4476 9150 879 9416 2664 3186 4777 7149 7605 6304 8933 43 8642
6 4260 1810 6710 4960 2510 7427
6 7411 8111 1111 2861 8461 3075
7 3212 762 3912 7062 156 1666 3709
6 5663 9863 6013 4263 9475 3883
19 7414 764 2164 8814 5664 3214 3914 8114 4964 9942 2785 8927 3630 498 6819 9251 7331 598 477
9 2165 9865 3915 7415 4615 6015 9515 5097 6152
28 2166 1466 4966 7766 7416 4266 6016 8116 2332 8386 1734 2954 89 9131 9506 2228 3855 2526 422 8273 3671 6556 8584 220 3242 5201 4694 5360
6 9867 9517 3567 6367 6638 5500
8 7418 7768 3218 8118 6368 8468 2091 9440
332 1119 1819 6369 769 5669 4619 3219 8119 9869 8819 3460 9747 5740 2604 1205 3640 4279 9592 5668 8829 3811 8053 7699 5310 8699 2126 3764 4636 1659 8281 2301 5796 7323 8958 9629 1462 6753 8693 5228 7442 9183 5163 7721 8957 1821 1064 6237 7765 3151 6538 7473 1000 1944 437 9952 9739 576 1310 3742 8483 5993 2685 3402 3695 9651 300 2610 2477 3118 4573 3176 9068 1395 5450 4298 4948 7637 4938 150 9184 6763 4076 603 36 6054 1283 2270 252 9994 2811 6364 4025 8365 541 9114 7369 9701 9490 5026 3711 325 4899 4596 956 7842 1900 2671 9252 5162 9232 2503 4688 4344 3591 3013 3939 346 1266 1678 3091 9386 1416 4553 3327 4319 4735 7102 4043 9563 5635 1449 2844 4328 5639 1240 426 5769 917 7134 4041 3204 5104 4683 2046 1914 4411 772 8179 1940 3284 7059 5439 2687 1651 3433 9116 3084 8467 7965 2985 8195 836 5040 9510 2867 2696 3812 4821 887 7981 4320 6371 1333 5215 5272 5249 3935 6965 4358 1420 8151 4404 84 2390 9916 3940 1221 3463 9363 4756 4793 5330 6 2377 8028 4749 6467 6666 2127 5526 859 8704 8942 6913 491 4812 3738 770 6608 5425 640 9169 4678 5620 7943 1137 2143 9774 1507 4711 6081 1409 2936 3994 1201 4369 3337 2379 298 7188 9472 1142 7756 5230 4502 5819 2389 4538 3068 2581 1963 7276 9516 2014 2934 2118 7523 5849 6235 1328 7301 6787 4771 6011 6835 6315 2700 5061 3668 3900 354 7053 1086 8529 9964 6840 5786 7260 1135 921 4897 7321 3890 5305 492 3539 3751 8038 2054 8632 4614 2716 3684 2784 5240 4558 7583 830 7821 3012 2170 9645 9962 6012 7021 2712 5380 3864 7434 1335 5225 153 711 7972 7595 4961 7333 3066 6900 3535 1594 6679 1955 8640 2980 6394 4285 5571 8387 2641 517 9167 1874 7885 2349 9905 3279 7153 8782 8805 1648 2296
7 9870 3920 70 5320 7420 3220 9157
8 5321 7771 4971 7071 2171 71 4271 9718
16 5322 6372 6722 9522 7772 2522 4972 8472 3222 1364 4338 457 3701 8977 6046 288
303 6723 5323 6023 7073 4273 2173 5673 3223 7423 656 5938 8400 7449 4217 3350 1417 4436 5910 3139 5448 8820 8701 8250 53 3267 9391 7719 3479 7467 760 2774 9310 8687 3724 8874 2525 3341 4589 4194 5071 2183 5434 619 2039 3678 6225 3892 4095 4431 4443 584 848 7097 5192 615 6630 7629 3923 1799 8821 3791 9921 1228 7661 2589 5749 8067 5978 7949 3850 8284 8617 9218 7912 9072 1698 5943 6170 1643 1866 4223 4428 7346 112 1389 5572 1565 1460 1945 3594 3658 5108 8614 2315 5662 9526 580 5770 7618 247 4746 2835 4583 4603 5314 3863 5458 5621 3788 6053 6281 7809 8557 8677 8703 1169 1694 6713 8784 9663 459 7478 8317 8395 5047 9693 269 3351 4512 8013 9570 2528 4179 4300 5264 4051 7257 157 5073 7930 951 3818 8555 967 1063 3574 5375 7778 8091 8230 149 5582 9620 9929 1010 3364 9947 6055 6853 7005 7942 8562 1514 2434 6142 155 616 2974 5747 6076 2148 2645 1392 3065 9009 9088 8507 231 953 1456 5779 5592 5789 6802 8815 2560 733 4342 6058 1268 1470 3958 5491 6238 6649 992 4109 1529 5389 9859 3021 3310 7067 7550 8861 9558 2657 8295 5271 8312 3074 4461 7350 7863 4536 4934 5874 6934 8352 3973 6905 7004 9979 9697 9840 1280 3542 8629 9468 7178 2261 75 2275 3980 1475 1517 270 6387 7508 9521 7567 4984 6758 447 9138 8929 3773 5625 1225 4656 9532 8174 3869 5774 3737 8788 7444 3200 4336 5078 1699 6560 2112 3753 522 4167 180 8146 9064 6074 3053 5649 5294 6852 8156 4245 5013 796 9536 843 7479 882 6782 2543 5995 8776 2371 5674 7424 2273 3633 3868 1237 5085 3352 7471 5870 4407 6625 1812 5470 4058 6806
8 7074 9174 1474 774 1824 9874 2163 750
11 2175 5675 9175 7075 5325 775 425 4975 5588 5604 3060
8 7426 7076 9876 4626 1476 6423 9601 8709
324 427 3227 4277 9177 2877 9527 3927 1827 8827 7077 77 777 4088 4068 9787 5237 1410 8745 9079 3476 6445 7020 7351 1835 4455 1737 3380 1964 9139 1597 2339 706 8634 7667 462 2756 4249 678 4969 4030 5925 6822 3114 6128 9531 5793 9915 9338 4117 9851 2843 8641 4452 5739 3431 1055 1095 4227 2897 7305 3806 8899 8650 7163 3192 9303 3896 7941 4486 6634 9047 5456 4448 4519 7847 7962 8737 8907 4292 7131 3146 7037 385 4955 7195 147 9852 4388 4921 7441 1366 5512 1161 7504 7068 672 1679 1309 5490 5799 9107 4846 2948 4306 8466 2419 5290 4584 1980 7406 2314 9487 2240 3967 140 2868 8048 9317 4627 4019 988 5342 5888 7288 841 4954 6814 6535 7325 8050 9758 3371 5805 500 9394 2781 4183 8967 585 7631 1592 1726 9999 6639 5974 5607 6140 9886 907 3273 7167 7227 9126 5636 261 745 3699 9050 5120 264 4376 6071 8149 3345 2466 8894 9046 7159 5199 3926 6920 9162 423 532 5540 8860 3092 415 8001 9958 7666 680 3115 2017 637 9122 1806 1289 2904 373 4456 7827 2929 8260 844 5131 322 8512 5331 4591 3357 6880 3840 7740 3413 686 2320 2990 9085 4713 7398 6572 8605 831 7909 752 4682 7532 8748 1523 5842 7876 181 6974 5929 7585 9479 9672 4275 1136 5096 2972 2016 8077 7514 3578 903 7157 6499 2814 3673 2927 7817 6307 8202 4963 6022 8045 335 7775 7540 4510 3386 6893 2787 1510 318 3768 7388 3237 5920 4741 6659 324 5452 2556 5231 3897 2291 1972 8321 9354 2388 4883 9070 3993 8037 2222 8254 6637 1706 6006 776 913 6044 5692 2967 6906 5559 5644 8087 3870 4301 4886 3916 7968 2211 7433 7285 5882 151 3933 5762 7542 632 2786 9724 9082 6958 5988 8817 1930 9638 6270 4308 3334 1538 578 3570 7192 9152 6324 98 8918
7 8128 9528 6728 6028 7078 2878 2297
10 2529 2179 9529 9879 5679 6029 3929 8479 6597 9366
6 8480 6030 4280 9180 2880 6785
13 2531 1131 8131 6731 9181 5681 431 7781 3931 9243 8152 5583 2874
10 9882 1132 6732 8832 5682 782 7082 432 6791 9248
9 9533 5333 5683 9883 433 6733 811 6578 281
9 6034 784 8484 7784 9534 2534 1484 6384 1595
7 7785 785 7085 2185 9185 435 2535
12 2536 4286 86 1486 2186 7786 6736 786 4986 6386 660 1566
7 4987 1487 3937 7087 7787 9887 7148
9 3238 3938 7088 3588 6038 4988 2188 2888 7297
9 6389 1839 3589 789 5339 8839 2539 4289 3551
8 6740 4640 9890 8490 3240 1140 6390 7132
35 3941 8141 5341 1141 4291 9541 1491 9191 2541 4991 2191 4641 6741 1556 1704 5345 4937 2933 3903 7253 667 5461 4050 6563 9719 5102 397 5714 8834 3851 1342 7621 2096 6409 743
11 2892 8492 6042 3942 1842 7092 4642 6257 1752 3991 5195
11 93 5343 4993 7093 5693 1843 2193 8493 3581 7642 8364
8 794 1144 3944 8144 444 4294 6744 9038
11 95 8495 4645 6745 5695 795 9895 7445 1145 1492 1387
7 9896 9196 7096 7446 4646 1788 6190
294 9197 6047 8847 9897 6397 3947 7447 4997 1147 2547 6265 1924 5529 3519 5349 5534 9052 3707 2141 7084 3898 9816 9817 3332 3518 6421 4005 9165 6869 5574 221 8711 15 3744 6351 291 6374 7916 975 9892 8417 949 4792 499 4953 7202 7748 1045 2609 2966 3563 320 1792 1430 5278 9495 9781 2403 7385 3291 5863 4527 199 1353 1873 597 8721 6163 3639 5394 9795 4493 9502 7225 6314 7291 9598 4374 5986 1120 7712 9853 594 3046 4720 5289 4542 6346 6489 4181 7339 3262 6519 6809 8256 3136 9824 6604 4039 9798 6466 2133 6109 715 6373 9560 1654 7242 3601 8153 3062 1185 7419 3472 4242 3580 1075 3108 9247 5114 6945 3670 8175 3080 1369 2605 7451 3685 5672 8638 3977 4625 694 3061 3480 2833 4196 6734 892 5200 230 2658 8679 9928 6264 4463 6730 9683 8836 1716 1992 6721 1828 1783 7486 7683 2509 5722 4531 4064 3819 9547 8771 7247 4604 8518 312 6967 9067 4890 29 2837 1982 6924 5641 2276 6323 2078 5563 4549 3838 8300 3637 8511 226 6220 4767 1892 8837 8465 4434 4504 7879 729 2311 4578 936 9323 8775 2383 643 9680 860 1762 2354 4056 6119 1254 1114 7125 9205 7255 1563 6986 5953 3789 4233 1534 9605 6431 3494 542 7935 7155 6131 85 1633 5505 3963 4727 5729 8196 6833 8444 989 905 9206 9008 2413 5295 6020 1406 4143 3375 2751 6823 2915 439 9450 5042 5422 9503 5871 9358 8219 9299 4337 5518 1640 6144 205 9900 8871 7050 4894 6952 5299 1811 3718 2073 1375 7774 6254 8340 3296 2431 8068 9512 6342 7602 3758 4605 6663 5203 2773 8287 511 8792 5795 4643 5021 9071 9161 7234
38 2548 8848 9198 3248 1148 7798 8498 6748 7098 3598 1498 7448 5348 1816 5213 5898 61 747 4535 2971 9636 1600 5181 6410 1025 7845 1923 7728 1236 3318 2391 3275 3164 2801 941 6866 4307 9898
22 6399 3949 8499 449 4999 4649 4447 5952 5653 3656 5324 7475 5511 665 8120 4802 1051 6509 4311 1442 5171 2930
8 3250 3950 2550 1500 450 5700 138 6507
8 5001 1501 7801 6401 6051 451 5351 8851
11 1852 102 7802 7452 452 3602 8502 9552 3952 9688 8339
10 7803 453 5353 8503 7453 4303 1503 6227 3384 7566
7 9554 804 3254 9904 2204 6404 5014
10 3605 2555 3955 5355 8155 1155 4655 7849 207 8346
7 2906 6406 1856 5706 1506 6056 2417
30 3257 3957 8157 2557 107 1157 9207 5007 6610 3258 1285 4214 3919 3322 2003 3410 1558 4560 4386 9520 1562 6379 6844 9408 780 9937 6267 1898 2410 7359
201 9908 7808 2908 108 6408 1858 1158 8158 8508 5008 4658 5358 4754 8080 5206 7014 26 9732 1275 9632 8547 2037 1197 3762 2343 5148 6922 9263 3845 9549 1758 4144 4788 3036 1198 8991 4734 589 3427 9955 9406 9231 141 117 3105 3228 161 7243 991 1023 5701 2946 3982 4272 2129 6817 2055 9466 1243 5428 2562 1742 8793 3741 9029 5219 7950 7393 4914 3303 5909 9295 1919 6296 8041 355 3287 5652 2033 9998 1948 2034 2576 8722 4112 9862 9455 7196 6696 6098 7303 7681 2087 2160 7882 8571 7905 7570 4569 4423 7403 3315 6252 7336 7656 7647 1749 7055 6899 4215 9769 4762 716 9786 4016 3400 5122 3154 7692 2656 9448 3544 8054 8140 6256 9081 7815 748 25 1625 2928 1396 661 1533 9659 5750 9318 4118 4439 8672 4375 5936 4174 8402 104 1613 2290 6907 3686 8084 1166 4437 9595 4243 9028 9748 9729 5379 5618 7820 8877 4695 7687 737 7835 4940 4297 5045 9108 4782 9026 4776 4602 756 9597 67 5285 5386 7854 7064 6670 9849 2546 9225 2891 2702 6513 5275 568 3397 8218 3358 7495 5216 1910 123 8135 8770 2882 2174 3663
9 6759 2559 7109 109 4659 1509 9209 5009 2563
31 9910 6060 3260 4310 7460 1860 8160 7810 9210 9584 1339 8134 6664 5794 1520 9930 6234 5632 1175 5117 2013 2201 158 2401 7485 5052 6727 2106 6221 6815 8178
15 4661 5711 3961 1861 5011 8161 1511 7461 6061 7946 1805 2000 5185 8464 8624
7 7812 1862 812 6062 8162 6762 1512
7 8863 9913 4313 113 2913 7813 2265
6 6064 1864 7464 8864 8164 3590
11 2215 7465 815 8515 5015 8865 4665 6065 8669 5336 7539
476 6766 5366 9216 3616 3266 7466 4666 2566 1516 5716 8866 3966 34 2012 5112 9459 8438 3264 5247 1890 3292 5423 3295 6283 4192 2608 421 7488 7516 7866 5387 850 896 2769 7180 6547 7249 1888 7367 7693 8911 9384 6686 8154 5318 6286 6622 2601 5416 9096 9606 5768 1222 343 2794 1602 1555 3439 4178 5291 2465 8257 1320 8615 2412 6609 7112 8358 1461 3834 9007 9720 3199 5547 6841 4829 5566 4047 5493 9825 4843 5352 8199 3073 2168 3299 5202 6940 7110 9258 9938 302 6082 9420 9546 1671 2024 5106 8213 9833 215 2253 4739 4854 5892 8505 9375 9666 239 4861 5709 406 1163 2167 3584 5606 6385 6831 7231 4290 4786 6206 8452 8831 11 3338 8060 6585 7378 8086 9906 1047 6328 8478 8801 1106 4737 6505 7985 8759 8981 1943 4700 4913 9368 82 4317 6794 8905 9963 944 4409 7280 7295 7315 7825 8271 8741 803 1663 3447 5405 7483 8884 106 285 817 1016 3451 5712 7101 7881 1524 6085 8147 5236 6843 7921 8104 7844 3477 5123 7791 7797 8673 904 8209 2134 3230 6121 571 7974 4281 5286 1559 5110 8150 9679 4875 7128 4418 7565 9912 289 8719 3370 7123 7507 6544 3514 7686 1077 3889 8377 1618 7408 8238 1975 952 5279 5427 1638 2962 1258 1368 3770 4160 6350 6918 3079 938 2896 368 4149 5183 2277 2081 3520 5022 1303 9805 693 5283 4267 9677 2889 4835 8422 642 5155 5838 8978 9473 7811 9902 116 2997 4462 3945 2299 9283 9508 2177 6919 2532 2999 524 6511 7761 1056 6204 8127 8909 3603 6491 3321 9245 5617 4832 6450 7033 4276 8491 1234 4103 5519 881 6999 3642 8066 7588 217 4073 6495 2497 4676 3962 3540 6839 6134 5378 2727 5806 1951 884 8186 9001 7658 857 5638 4188 283 7983 2032 3414 1334 3886 8869 1673 8376 6269 3713 8930 3382 7807 2969 3245 8583 206 5088 9237 1989 990 807 7413 5517 340 255 5414 5844 8371 7933 1256 1495 4985 2964 7939 2130 647 8109 9135 3971 5508 3918 4485 2448 4363 8852 7996 5035 7861 3614 5788 8348 1830 9003 7959 986 4406 6921 9691 7454 3372 4811 2200 1653 296 1851 8639 5558 8384 5357 9369 412 8552 2031 767 4702 822 5089 7114 2527 9285 5972 5615 8428 2845 581 7904 8240 4610 9923 103 9934 122 7217 8576 9978 4237 8233 7470 6749 7936 2926 5408 6173 6886 1911 1294 6540 1015 1848 4742 6549 8018 7477 6788 2619 4199 8785 4973 6867 5918 2494 2029 1834 7438 3043 6116 9266 8010 4624 8126 5737 3521 3217 8685 2627 1655 3767 4877 5464 8838 6680 2938 8670 7246 7555 5991 6067 7193 5655 1404 1601 3826 4827 2862 6881 6196 455 3355 8197 856 8823 7165 7806
11 467 6417 6767 2917 8517 8867 3617 1867 9031 9136 1312
10 1168 2918 5018 5368 2568 118 7818 8168 3618 9992
189 2919 6069 3969 819 7119 5369 8519 6769 5719 3619 5334 8297 3333 3044 9224 2736 8949 1499 9130 1809 8445 443 3680 9754 3283 4677 1133 3667 6073 919 930 5912 3513 9461 6764 6618 8251 5170 2194 5610 35 6652 111 257 74 7670 4190 5176 1674 7651 3500 5090 8289 1849 3625 310 5064 1121 9675 6690 4684 7557 337 639 2006 7172 1736 4240 52 8276 5594 3231 7081 4261 7041 3167 7709 9749 9493 5356 6492 2278 4902 9996 9016 2362 483 7963 3794 6964 3142 7372 8275 6725 5869 7267 8413 814 1296 9654 9374 5027 827 1705 1730 3948 4585 287 7194 9711 9572 4334 725 6108 9004 5803 3057 2579 4017 4446 5463 6750 6305 1697 4074 3861 2067 4293 604 2449 1853 4383 211 3127 9452 9103 6460 617 6611 3253 8269 6048 6662 5072 1050 4815 6976 3723 3464 1103 1352 9919 7364 6957 1454 4013 692 5854 8096 121 2742 5411 4806 9704 6433 2776 9551 5533 9796 4453 8763 9813 8720 1661 9018 8816 3045 4075 1624 5956 5280 5513 516 7521 6619 3853 5016 3173 5221
11 2220 9220 470 1170 3270 5020 8170 6420 2570 2717 3123
7 8521 5721 9221 6771 2098 8424 3155
8 3622 6422 7472 472 4322 2572 5372 2452
10 2923 3623 8523 5723 2573 2223 8873 5023 2993 1817
40 2574 3974 4324 5374 5024 7124 6424 4674 124 9924 7474 2224 4236 3693 4259 2554 502 6935 5134 8130 8327 9669 4607 8872 1631 7715 9627 4697 5298 2965 4566 6971 1433 5084 9267 565 9327 5568 420 8476
8 9925 5025 5725 2225 3975 125 6775 8875
15 9576 5376 6776 826 7126 1876 6426 1176 9868 1365 4994 4751 8952 1067 2524
12 2227 5377 9927 9227 8177 2577 1177 5503 6214 3128 8026 8027
8 1528 828 3978 7759 2772 7643 5465 7782
5 4329 6779 3629 1879 2229
7 4330 3280 6780 8530 7130 9742 9054
10 2231 8531 9931 7831 3631 131 8181 481 3782 3452
10 2582 3632 1882 3282 7832 9932 175 4119 5634 4764
2 5033 9933
7 3634 6434 1184 2584 3984 8544 1579
18 3985 9585 8885 485 2585 3285 2935 5735 8535 4685 6879 1531 9361 8073 49 6623 5031 1909
8 5036 136 486 3986 1186 6086 9936 7136
6 2237 8187 2937 2587 7277 7576
8 838 3638 7138 2238 8538 9238 4078 9960
13 6089 1189 3289 139 2939 8539 4339 7489 1539 3361 4794 3911 9200
9 490 2940 6790 6440 9240 840 3187 1785 9435
8 2941 1541 4691 7841 9591 835 820 395
10 7142 2242 842 3992 6792 9242 4692 1542 558 8546
7 6093 6793 2943 8893 3643 143 7493
10 6094 7144 144 8194 2244 6444 9244 7494 4494 1831
9 3995 8545 6795 9945 1545 5395 1895 1195 1386
10 2596 9596 1546 3996 1896 6096 7846 146 3704 1143
8 1897 3997 8897 9058 3183 2870 8995 1577
10 2248 6448 8898 4698 8198 5048 3648 1548 7848 9246
27 3999 849 8549 6099 9249 6449 1199 9599 3025 5383 2795 3856 6245 5966 5476 3316 1614 3259 7976 1250 7790 5436 9708 6912 4309 473 7065
7 2950 8200 3650 1200 6100 2250 6950
10 3301 5051 7501 501 5751 4351 6451 6101 9538 6347
8 1202 7852 5752 6102 2995 5371 5482 3387
8 6803 9253 2603 1553 5753 3653 8553 6103
10 2254 4354 8554 7154 9254 9604 1554 3654 154 3775
9 6455 3305 5755 6105 4705 8205 5055 9488 1377
12 6456 5756 2256 5056 4006 2606 9256 3306 9956 506 7156 6671
13 9957 7857 9257 4357 9607 507 5407 4007 5757 4707 1557 5944 3235
26 1208 2258 5758 7858 6808 508 1908 7395 5886 2813 8919 5127 1675 9785 4046 3953 2293 8049 1178 8766 9590 8651 8726 7865 1917 4487
9 7859 4709 3309 3659 2259 5409 4009 8559 3873
8 3660 8210 7160 9260 5410 586 7662 570
22 8561 6461 6111 7161 3311 4361 3661 8211 2611 1247 8166 8565 4318 3560 1700 2195 7650 5896 4123 6211 8500 5867
8 4712 4362 5062 9612 8912 7162 2612 4768
8 6113 1913 5413 6463 9613 163 6813 7613
20 8914 1564 9614 8214 6114 3314 3664 4364 4014 864 7864 8740 8415 9202 5917 544 1014 7120 6482 6402
12 4715 7515 8915 6115 2615 4015 3665 27 2864 5934 5865 6168
14 7166 2266 9616 9966 1916 3666 8916 1425 1062 5973 7251 2263 4099 1756
11 5767 6117 1567 8567 4367 4717 867 2734 9014 8232 1408
16 7868 168 8568 4368 2968 6818 868 6118 2268 9968 1918 5068 2793 1040 3575 6765
8 4719 5069 7519 9619 1569 3669 1219 1130
38 6470 2620 9970 8570 6820 520 9270 6120 7170 7235 5475 1768 3772 6640 8017 9646 3149 6250 4957 69 2384 3331 5855 3367 6718 9640 3610 2212 6000 6278 2147 9790 8471 5742 2021 167 8791 8526
8 1921 2271 5771 6821 9971 171 2038 5046
7 6122 2272 6472 2622 8922 4372 9622
10 9273 4373 8223 1573 5773 4023 3323 2973 3562 2607
12 7874 3324 2274 9274 5424 4024 8224 6124 874 1224 6824 7720
6 525 6475 6125 4725 1925 8925
9 9976 8926 876 7176 5076 6476 4726 9850 553
12 7177 7527 877 7877 3677 9277 9392 3636 8854 7833 6428 4935
6 4378 1959 4172 3190 9151 1134
189 4379 7529 1929 3679 6129 179 2979 6829 8229 4729 2241 8971 1113 417 7636 1818 3201 6363 6459 9559 1560 2252 9899 6516 1241 5713 1441 2375 5637 4221 1302 7028 1485 7240 9989 800 4724 9660 8206 7751 8122 5878 5350 5382 2313 1354 4882 7560 3882 6800 9365 2842 80 1360 2232 258 1262 9006 3090 3130 8035 1034 4312 3839 7001 6106 7994 7878 7739 7437 8563 5648 9078 5135 5605 1439 6989 7045 2044 3018 9603 1886 6539 87 7129 7816 3368 7830 7634 9250 9920 4137 7836 3983 3525 380 8469 8142 1435 3252 6525 4508 20 3078 7923 5961 2426 8803 5403 600 7779 5332 3597 8139 8243 5603 948 1450 9393 5399 2743 9664 4516 8908 465 1101 9269 818 3821 6719 2984 1802 148 4305 1977 8996 2366 4577 6916 9193 272 8735 7626 7597 6443 7600 8148 7750 9760 1154 5426 3609 9950 3089 6858 1102 8336 6438 9311 5304 8095 1718 7056 4222 8707 6490 1978 650 8809 9715 3909 92 5629 5827 6555 4572 8901 8982 9642 1019 2953 3029 5676 8380 1598 7568 5418 2925 2796
19 5780 7880 8580 4730 1230 6480 5430 4380 3181 8983 528 446 3579 9236 7648 9219 4442 2135 3417
7 9281 531 5431 6481 7181 1931 4671
7 1932 1232 182 2282 3682 4071 7995
9 183 2633 3683 1933 2983 4733 6483 4033 5254
6 9984 534 6834 2284 5266 2234
9 1235 5785 9985 1935 2285 6485 8585 8235 5941
311 9986 536 7186 6136 5086 2986 886 186 6836 4736 8236 3972 1021 4481 1192 1976 6092 6961 4480 1059 1267 1855 9836 3612 6407 9980 7773 3755 1969 5654 2057 2058 2359 899 8201 971 1547 6752 484 9439 6274 6978 6361 690 8328 3489 3644 753 7875 5311 1182 9889 7776 790 409 1668 4163 6411 3340 7525 4252 4278 7412 3304 6705 7536 3934 9121 7190 9261 5906 1044 6484 9370 3069 9235 3620 3003 918 6177 1880 8106 9571 1713 3407 3715 8221 7171 8883 4888 6331 1838 3585 6712 2988 9084 7792 9125 2077 8253 7510 4449 606 4139 3158 2838 8169 3577 3884 1391 4429 6380 3326 2158 9156 1815 7538 959 6083 761 847 6494 9537 7558 9873 1952 7862 2421 6207 7839 623 4990 9092 9623 9644 2108 1677 5208 1920 5248 5150 1605 4492 5601 7342 2004 5596 4919 6797 6651 5982 7304 2970 7544 920 1071 3456 7443 6828 5691 2190 8379 1085 6943 805 9414 3808 2281 8506 7290 9437 2084 8338 1502 1329 6979 223 1151 4225 6747 3354 1099 5921 7554 5193 8855 8999 4008 3097 3786 2486 4774 5404 4822 519 3874 7887 3829 4218 5660 9555 6496 6706 6953 8599 97 1011 6070 3641 5810 6240 6598 2514 7141 2575 8029 9124 3194 5971 6396 9588 7997 192 5145 4927 3979 8509 6343 1814 3576 5560 1347 9171 1212 419 6938 853 6631 6273 1960 9262 8667 9265 8173 114 5839 9118 169 6291 1252 8015 7200 7221 9086 9530 3787 189 3924 781 1786 579 2455 7498 9903 9637 673 535 5214 1884 2807 8014 6898 1850 1308 9195 3395 668 1018 1508 4907 7582 2662 3714 4482 2757 3008 7945 6583 1696 1665 5180 1027 5335 2588 3224 1164 5437 1901 2505 7520 7970 2059 5365 5575 5527 8633 5453 8810 2099 2737 8744
8 9987 2637 8587 1937 537 6137 6487 1587
10 538 8588 8938 9288 1588 2638 9581 1472 7794 816
6 9289 2639 7189 3339 7889 8239
9 4390 3690 9990 7890 4040 1590 2640 1109 5057
9 191 7541 1941 8241 5791 934 8946 6845 1660
8 9292 8242 3342 8592 5792 6842 2368 993
300 8943 4743 9993 193 7893 543 1593 9293 3312 7421 2512 5914 7922 6928 9019 7384 4650 60 5968 4034 5251 3391 4408 2519 2429 6500 308 8924 6738 6446 3335 2233 9451 3086 8593 2646 5879 1872 413 9356 2595 7185 9044 4941 4101 309 1412 1907 1836 8006 5687 9376 9909 527 529 7099 5718 4472 7986 4284 8575 8913 5429 7660 4315 4153 6097 7757 8976 3134 8680 2325 2666 6591 1029 2676 6827 9901 401 9060 4781 5194 3085 7027 7672 614 3541 4920 6383 5905 3561 5435 6644 985 3415 1482 607 8494 6362 1116 7873 8689 9593 5079 9539 3203 6395 6037 9030 1647 2725 4556 6104 2690 5916 6571 7211 7135 8964 5004 8974 8828 5633 7665 1981 3959 9458 2977 2551 1763 5497 3835 564 248 2411 5238 2405 3910 8390 8411 418 7688 3313 1669 7657 3998 6528 7164 1244 1974 1971 2487 4590 8132 9192 3403 7892 3399 8940 9278 2749 5017 6804 3369 2887 5897 1388 8768 4885 2643 7753 2040 265 9421 9667 588 9875 3197 9015 8262 2629 9789 2428 5698 4798 6333 5731 2791 2407 305 8408 574 9163 631 5101 8674 3792 5469 6855 5828 1676 7207 1513 2508 225 4253 9578 6503 5317 7150 7714 4505 4546 4154 4930 2008 5980 2312 5728 497 5776 9062 2347 1432 9432 6366 6650 9631 4946 3404 556 6026 6174 398 3030 3140 958 4845 292 8449 9523 2994 1645 5565 1636 8959 6223 8514 7903 7537 3147 4962 6717 1739 1298 5179 2540 5866 7654 2199 7834 8265 1453 7314 5950 3458 2115 5931 7601 5657 9201 7717 461 714 5284 978 9307 2488 2210 4978 8136 2074 2288 1596 1727 8252 8596 3422 7897 8789 5449 7741 1731 8180 566 4775 4020 6279 3769 6405
8 2294 4744 8244 9294 5094 5444 2644 8944
44 4395 2295 9995 4045 4745 545 5095 1245 5445 4796 8654 9117 7984 5846 2069 6871 7244 8890 659 4909 6889 2755 2430 4622 1465 9484 8936 504 2101 9302 91 1009 6522 4828 5506 5587 8264 9762 739 1098 356 7046 1797 3320
7 9296 1246 4396 6340 7633 9988 7609
21 7547 9997 6497 197 3697 897 7197 5447 1947 6147 8247 4397 7639 8447 5532 7439 7329 1407 736 9891 1822
8 9298 7198 3698 6498 8248 8598 5835 3968
8 6849 4399 9649 3349 7199 7549 1826 8404
10 1950 6850 5800 8950 900 2849 4467 3425 9543 862
12 2651 6851 7551 3001 7201 7901 8951 2086 3482 687 9568 188
8 902 7552 3160 5959 3042 6430 6261 4753
7 5103 8603 4053 8953 3703 2653 203
11 7204 5454 4054 1954 554 2654 2304 7855 9194 8183 2202
7 9655 2655 1255 2305 5455 3353 7822
5 906 3006 8606 6856 5798
8 2307 1257 9657 7907 557 8607 1607 1957
10 8258 1958 6508 9308 908 6158 7908 4758 2414 4574
195 209 5109 5459 7209 1259 8609 2659 5809 4059 7793 1956 5903 6294 6151 8481 6416 3302 6635 9755 16 5826 2479 6876 2236 8266 9907 4175 2768 813 4104 4718 9745 8263 682 2161 7022 9864 3905 2136 358 9133 9939 4831 6138 5028 3777 2009 3785 5843 59 6057 4089 2931 8541 1754 8249 6954 7328 5167 7061 5781 290 8215 3377 9324 997 8373 4992 8089 2538 5861 1652 7330 2869 2590 2564 5495 5329 8755 3184 3276 4670 8341 1611 6678 5393 4283 8332 8288 889 6478 9024 6465 888 3378 6534 5415 3727 8840 8329 7312 4090 6903 58 8973 5616 1436 7702 9514 1549 9579 321 2217 9513 1621 7888 194 266 6157 3000 5111 9837 3572 5754 3988 7931 4133 6415 4752 7869 9 6768 9983 2549 7368 7788 3507 9656 2907 2883 4226 3509 2893 4608 1428 7450 7168 7095 3436 2292 2355 7701 8932 5902 9331 3002 3600 4564 3157 1413 6673 6526 4173 4663 5346 608 4908 5198 1357 6506 351 8308 6784 1402 1714 8110 3891 5029 832 5276 9377 7100 1902 636 7310 4594 947 4819 9525 5631 4410 1216 4490 8887 8729
12 6860 8960 2310 1260 4060 3010 8610 3360 1610 7210 3710 5460
6 6161 6861 561 4061 7561 7911
7 212 8612 6162 7562 4062 2921 3256
8 5113 9313 6863 4063 8963 7320 7674 8267
8 6514 7914 214 5814 1264 6164 7653 4065
9 9665 5115 4765 915 6165 1265 9315 7915 3860
15 9316 4416 3016 4766 6166 4066 5466 216 3366 9446 5241 3534 7380 8143 6754
8 3717 4417 567 1617 4891 295 2758 5354
8 8268 2318 6868 5118 5818 1968 218 9668
8 3719 8969 5119 7919 1269 3019 7219 9764
7 6520 9320 2670 8620 1970 7920 3720
7 7571 9321 5471 6521 5821 8849 1753
467 9322 1622 922 222 1272 5472 2672 8972 3722 4422 2322 8272 572 4072 8540 2914 540 5258 7742 1123 1644 2053 5520 5883 9803 4069 3954 4903 2853 7944 4567 9415 4048 489 1411 3604 4394 4887 6236 9658 2028 2435 2961 7767 8572 9793 9917 5699 5748 5969 6191 8536 365 5847 9153 6675 7484 7973 392 8185 9975 4489 6429 6344 2903 7429 2707 5822 6629 7596 8844 872 8319 5281 8040 1083 3799 5730 9290 1723 1889 2722 6376 866 1650 3213 5189 8145 2515 2741 3133 9429 5600 8056 9334 9372 2111 2319 2799 8171 9800 749 3052 3475 4704 6941 7578 1829 7764 923 1789 6726 6915 7066 7428 1383 592 1110 4551 4879 8278 7127 7187 8360 9734 8331 1494 2267 5243 5765 7491 7655 9234 3071 3529 4708 7480 9838 7826 8987 2336 4403 2491 2695 7133 7599 7174 7435 8742 2694 3308 8064 6087 8353 9348 9600 2732 4995 950 1869 735 2952 5690 142 8880 65 9433 3956 3107 2119 7049 5234 7239 2739 3976 1167 4224 7829 210 2082 2196 6178 2095 3113 4359 2731 4565 2306 2770 6685 3225 3428 105 2045 5143 6716 1251 6088 7625 560 1551 8123 3469 7090 611 5406 5790 4836 3135 4728 2569 5811 6501 6586 1444 4977 5256 8217 1903 3307 5060 134 1693 5702 9022 8616 3917 3330 9410 1146 2235 4465 478 4600 9305 2203 7039 9343 4478 7043 7993 1394 4187 14 4668 9337 1291 5381 63 2592 8133 4770 6033 8686 8723 6799 2176 7991 9880 6148 8005 6633 8975 9271 6592 8881 645 4929 7616 4080 5032 3676 4772 9746 2875 2825 378 8696 1894 2125 695 1584 9383 742 8891 2162 4528 6614 7469 9418 1270 4872 8706 8337 8739 4360 1041 8071 2976 6537 1927 2692 6298 5337 3031 2456 9306 599 6248 5891 8795 875 4586 4714 5044 808 3072 6232 6018 4651 7079 9143 9845 2552 912 1844 6035 9402 1526 1778 6403 3478 6203 6846 3876 6870 6352 1656 5733 7716 4235 5834 2530 2513 7431 4299 9782 2249 2759 8582 4652 7754 165 1586 8773 982 1214 9788 1072 6041 4979 12 1286 7906 3970 1630 7718 7273 9639 254 7556 9419 3795 262 9713 8979 2628 6306 2911 9199 6050 458 3196 6193 3495 1057 9511 259 4070 6698 8427 3566 5852 9741 8034 3965 8618 8802 2571 3930 9021 2809 6143 4534 2821 7902 4346 9759 4038 3901 9860 6247 9045 7762 4654 3510 9112 5340 633 9580 1536 386 4268 6517 9444 6596 56 977 9535 4366 9544 495 5050 9069 757 2026 5569 8830 6695 9164 7987 1117 2208 4000 9134 3796 7121 935 894 6838 4721 1332 5164 3081 6308 5738 2356 2544 5591 7332 1263 8636 4479 8412 3101 7534 9556
10 1273 6873 8623 7573 1973 1623 5473 2673 6770 4632
11 1274 6524 5474 3374 2324 7574 9284 4049 3827 3210 6488
8 3725 6875 8625 7925 925 4425 575 7382
12 7926 1276 9676 5126 3376 6176 1626 7226 2326 926 3611 6425
11 227 2327 4427 927 8627 1627 2677 6527 7577 5326 5613
10 7228 5128 3028 2678 6878 2328 7928 9678 5524 8961
8 7229 7579 3729 5829 6529 7929 3379 3216
6 7580 8630 5480 6180 9330 2330
6 6531 3731 5831 5481 3381 7828
212 7932 3732 4082 932 1632 6532 8282 4432 5132 6882 9743 7358 7394 4769 2 7481 7744 1278 2614 2353 627 2049 5542 408 4530 7572 393 2298 1750 3205 3297 5759 0 2775 2679 7592 5499 8727 2920 33 4193 5125 8000 51 5100 1074 2071 4130 6183 8813 4444 3277 3170 8889 4147 771 1340 359 9149 313 1188 2780 7872 1905 3587 3573 851 8129 200 6112 9297 2542 249 4207 6439 7615 1326 6146 6648 4889 6432 219 382 669 6208 4689 5306 911 3728 7669 5485 5741 2370 7530 2110 245 9471 2151 8868 6909 9682 4155 5689 8350 700 8030 8474 1129 3802 5296 9179 4860 512 4426 5139 4270 7103 5087 505 5577 1585 5987 361 1006 6573 3070 2942 5778 9819 4968 6998 9423 4956 1680 3263 8113 2846 4208 7676 1292 9389 3810 5627 2474 198 6691 4785 381 6378 235 622 8482 2373 4732 224 8965 8878 8622 3246 5282 1841 9830 8456 4866 8772 5678 6471 1261 9482 6697 7094 7223 9300 9222 699 4094 9736 4943 4669 6774 8534 2523 3928 6646 8682 1479 9309 9333 5054 569 5359 8100 2025 1877 6510 7425 8302 8497 624 7682 213 6338 9214 1073 9823 5536 1743 7804 1875 347 2634 4780
11 7233 1983 3733 6883 933 5483 3033 3383 8383 766 4433
13 1634 1984 4084 2334 234 7584 2684 1284 4784 7606 7343 8835 6796
11 3035 8985 1635 6885 1985 4085 6185 9685 8285 6982 436
9 5136 5836 4086 3736 8986 7236 5645 9213 6720
12 3037 587 7587 1987 8637 937 6887 5837 7030 4797 5889 551
8 1988 3388 5138 7238 2688 2338 8988 4922
11 3739 939 8989 4789 5489 3039 6189 2689 9339 8644 5535
482 5140 8290 9340 2340 9690 590 1990 7590 4790 5840 6890 3040 940 6655 2876 5129 2963 9042 429 9129 779 1448 5724 6995 5726 2137 6985 7203 4795 2468 5857 8368 4282 6309 7896 9223 5935 8274 8581 738 4304 8564 2909 4931 5168 4314 6859 515 5133 73 6171 6874 7147 8528 3925 6847 3774 5744 5763 1253 4055 513 4350 4817 5083 5579 62 1419 8628 3846 5146 7058 996 2470 391 5012 5397 7610 8931 1403 3730 3700 8378 9712 3817 9628 9709 3281 5098 8970 3571 4132 5441 999 8537 278 3822 4435 5451 648 7298 4102 8137 4159 3054 5442 5772 2316 5268 7278 8780 9973 591 1755 2458 2745 3255 4657 6036 6462 8188 9977 2682 7169 7404 7843 9228 1233 1986 4880 5421 7410 8700 9647 9722 448 2511 4554 7107 7789 1915 4124 4532 6523 7296 7641 8460 9259 2264 3449 7137 8708 367 3793 4748 7961 8731 1993 2944 4108 6641 9002 2924 4898 6398 7220 2436 4110 5893 7262 7685 8190 8935 1345 1483 1823 2344 4011 5074 5270 5734 7823 9204 1825 3743 4895 5665 2594 7352 7884 8112 3206 5312 6285 6977 7360 9634 823 1774 3082 3552 3805 5684 6724 7040 8516 6391 8824 1054 2624 3138 3887 4002 7025 9835 4413 6107 9036 1218 1684 2308 4022 7400 7432 8043 8945 414 2142 2423 3148 5667 6442 6536 2852 4840 4982 5105 5124 6502 5261 8796 1537 2052 2406 3229 2978 3546 8619 9766 1350 1798 3675 5385 5833 7113 7462 8842 9422 5003 7284 7497 9453 3174 4004 6892 9465 494 1847 7145 8391 8713 1725 1934 4295 6642 7886 8904 1026 5063 5440 8556 28 1039 4876 4965 1883 3814 5364 9801 3261 3862 4738 5373 6737 9726 119 582 1840 1868 384 2121 2363 2669 8753 895 1780 2812 6202 9217 1703 1928 3290 9230 1616 2960 5273 9332 9427 1172 3532 4783 6877 8510 9524 8473 1033 5549 6010 9686 5328 5686 1426 2089 3109 3132 3487 7814 6077 2157 9608 6017 2981 6172 9404 3398 6133 9671 3096 9689 1870 9098 9737 1733 9403 4128 7780 3936 1922 1469 8712 1527 6192 6590 8470 5745 4216 4947 8314 7287 293 1544 6301 8702 1658 787 3393 809 6354 6153 1318 5782 8777 9279 5764 8255 5158 6575 9132 301 2361 1471 133 8822 349 6884 3020 8853 5930 5316 4637 824 1728 6334 7612 9705 251 6684 2197 870 2545 253 9611 1583 2422 4699 5732 2827 8138 242 8882 1967 2192 3828 6962 8228 4384 3239 6375 2959 8291 3547 7725 5039 6156 6266 7900 3208 2899 5419 4333 8212 5300 2879 8203 8688 783 7726 1912 9941 9401 9142 3621 8811 2881 2956 3913 8009 5172 7070 195 9542 1991 9474 9148 1891 5864 2269 5970 6667 7738 6184 8101 4210 5551 9768 2105 7505 7705 8631 1801 6135 2149
8 4441 4791 6541 4091 3041 5841 241 1641
8 4092 3392 5142 8292 8992 1642 7080 3766
6 4093 6543 593 8293 8993 671
8 9344 5144 8994 7594 6894 8097 9328 3153
8 1995 945 6895 2345 1295 8645 5845 4474
41 9696 1646 6896 2346 3396 946 6546 8646 4980 1060 9037 7569 3051 8781 2482 8566 1772 3866 9811 4716 9625 9974 979 7436 1604 6284 9856 6280 4639 2358 2771 4454 5390 793 243 7105 3234 6277 9548 2280 4032
7 7947 8997 1997 4097 6897 8647 4052
9 5498 3748 6548 2698 5848 3048 8648 1998 7511
9 1649 9349 2699 4799 1299 1999 9699 929 3171
9 250 6200 3050 2350 9350 5850 1300 4100 7545
10 6201 3401 2001 2701 5501 6901 5851 8301 601 9351
6 9702 7952 6902 7252 5152 5502
7 6553 7603 5853 2703 7953 9053 5130
12 7254 4804 3754 7954 5504 5154 6554 6956 1568 7179 8394 7708
6 7955 8655 9005 6205 605 4760
6 8656 8306 3056 7256 5856 2636
11 9707 2357 7957 3757 4807 5157 1307 6557 1657 1965 9594
9 7258 3058 5858 6558 2708 4808 7958 3408 4616
11 3409 8659 7259 3759 5509 6209 9359 5859 8309 2709 6559
9 4460 9010 9710 960 4810 8660 5160 2360 2710
6 3411 4111 8661 7261 654 3288
9 6212 6562 962 8662 1662 612 2652 8579 7006
8 263 613 4813 2713 3063 3763 1574 5777
6 1664 7264 7614 3064 4464 9714
6 7265 5165 1315 2715 6933 9371
33 7966 1316 8316 5166 7266 4816 966 6566 8207 7222 5492 5555 1807 4660 4327 9304 7026 7230 2396 7279 3373 5696 4200 9397 5783 7980 1217 1293 5082 3272 5010 173 2394
9 6217 267 9017 2367 6917 1667 9717 482 5147
9 8668 2718 268 2822 5876 691 8725 9189 1415
14 5169 3419 6219 1319 4469 2369 352 4773 7173 563 2599 7191 5116 8833
8 8320 1670 2720 7270 620 4120 9020 4801
6 8671 4471 621 3771 152 9858
7 5522 7622 1322 7272 972 7245 8980
10 4823 9373 9023 5873 5173 2023 1323 273 5523 1813
9 274 2374 2724 7624 8324 7274 4824 6574 1030
13 5525 4825 9725 5875 625 275 8325 7275 1325 8675 6154 5041 7115
11 3426 4826 6926 976 2376 3076 276 6576 3776 6226 7175
8 4477 9027 5877 7977 4127 3077 277 5177
7 628 8678 3778 2728 5528 9888 9155
8 3779 6579 6929 279 7979 4129 629 7883
7 280 6930 980 7630 3780 2730 2139
9 6581 1681 1331 4131 9731 981 9872 3233 4581
6 3432 1682 7632 7982 9382 78
10 4483 6233 8683 8333 1683 9033 7283 9733 3783 8590
8 6584 9034 3784 5884 634 3434 984 8595
13 3435 635 4135 1685 9385 5885 2385 2735 8698 4830 688 90 839
6 6936 286 2386 7286 4136 1336
7 3087 5887 6587 5187 2387 3249 9141
8 5188 7638 9738 2738 4488 6588 1688 5538
9 7289 4839 6239 6939 7989 9039 7205 5388 5967
8 1690 5890 3440 9390 7640 2740 7990 9740
9 6241 4491 9041 4141 3922 2600 3592 2863 4974
34 6942 7992 2392 3442 7292 6242 8692 2042 4392 8399 5209 8903 336 2418 5881 8778 2140 1398 2506 3126 9967 9735 8237 1505 2239 338 2747 2352 970 434 7598 610 791 4083
31 6243 8343 7293 3093 2393 5543 2043 3443 698 5149 2152 4996 8934 5462 3099 8733 5895 6275 3696 7528 7575 5868 9428 5860 9540 1380 3122 6657 7891 1996 901
10 8694 5544 2744 7644 9744 6944 9106 1572 4398 957
6 8345 1695 6595 995 6392 4182
9 646 3446 7646 9396 1346 5546 6946 3363 9861
9 5197 8697 2397 4847 297 6130 6613 1808 3511
9 3798 2398 9048 9398 2748 3098 8299 1846 8440
10 6599 2399 8349 1349 299 9049 6949 187 602 4189
9 4850 2400 2750 5550 3450 7300 5900 3100 9750
7 9751 4501 6951 4851 8351 3265 2198
4 5552 6602 2752 8407
16 2753 4853 5553 303 6253 3803 4503 3103 4989 2890 1196 4122 7183 5965 6864 5997
6 3104 5904 8354 3804 1004 3454
9 1355 655 6255 8705 9055 8355 6605 4855 4805
178 2056 306 4856 5556 4506 7306 4156 2381 3628 7015 2649 128 5545 3781 3867 6150 7867 6313 7482 9076 2873 8277 1608 1373 8714 837 3346 1174 2499 4942 9808 9380 6186 5301 4044 8477 4031 2955 5070 9173 5059 546 987 6312 1160 8004 6515 8296 3110 6437 6773 4696 6990 3989 4264 9434 2068 5775 1535 9753 718 7675 6772 7737 7401 4874 4185 1007 9871 3180 618 5808 100 3960 9035 2520 9935 4365 9893 3453 8102 9486 3761 8690 5640 8591 1552 3705 3298 8757 9792 8370 6473 2502 4029 160 260 6377 6968 9954 1504 6447 8310 5872 2498 9325 1327 3721 1376 5420 855 442 9051 4027 758 7964 1290 428 8032 3608 64 6145 8574 5099 1859 2329 7363 3750 2120 41 7007 916 6310 6019 7032 244 4287 2300 9972 8643 5964 66 9335 7271 799 9411 954 9633 1629 4859 4820 7591 7490 6435 6210 5361 7938 8962 6080 4037 5178 1845 3624 7362 547 5651 5412 9877 4258 2902 8222 4533 464 2382 8626 4105 9841 5002
9 9407 7307 1707 4857 5207 9757 3236 8121 405
8 658 1008 2408 1358 5908 1708 7308 4759
10 9059 7309 6959 4509 6259 2409 8359 3459 3809 6603
10 2060 8710 2760 1710 5210 6260 9826 8432 9166 9635
7 2061 8361 3111 9061 2761 8011 5370
39 5562 6262 4162 5212 1012 8012 9412 1362 8362 2762 3112 3462 8870 7496 8513 7611 854 2459 968 4917 3907 873 2036 294 5 3049 7086 7870 1689 7349 8577 174 6295 689 5496 974 6872 1032 3508
5 2763 7663 6263 9763 4513
5 5564 4514 2764 314 8786
8 1715 5915 4165 3465 9065 4865 8715 1942
8 8716 3116 316 3466 6966 2416 6669 9561
305 7317 5567 9767 4517 1017 5217 2767 8367 3467 9417 1717 8850 2205 5153 8841 7724 2048 5598 721 1239 9752 8954 663 4018 4629 6983 8681 9777 5066 5182 9583 2154 6348 4116 3844 6681 8176 1317 3557 3865 5680 3651 1777 9943 4844 8347 5510 4316 8613 9012 7668 4302 6927 7664 5396 7356 1904 8410 6616 4081 4370 2066 6287 5963 9091 4180 7589 6658 6601 8652 5067 8488 7158 3635 8283 2221 99 9716 4723 9287 909 1020 8608 2798 3286 6653 6786 7083 7381 4983 6735 3593 9464 521 9395 9144 2593 9569 7476 6714 307 7988 6412 6816 1837 480 5530 2181 5309 4140 723 3613 456 4157 6617 5433 2443 1881 4599 675 5576 240 5034 3689 7111 8042 411 7713 3418 3498 284 3420 1530 7745 9653 1770 6052 8016 5802 1314 5092 6040 914 9553 3094 3241 9357 1107 2064 6564 9208 4731 8807 4499 8098 4484 9694 201 8 8888 5622 3708 4690 9342 8602 708 7502 1126 3038 6199 3461 3981 7089 2286 7967 6349 1427 332 5708 6182 9706 7063 4833 8939 4176 6661 6160 4402 6288 983 1946 129 6987 2243 9040 362 5494 6303 6825 550 4164 670 1190 4288 5107 8856 1226 6582 3568 8524 7503 8895 6175 4606 4125 5820 8393 595 6783 7620 9650 9212 7732 7218 5727 6132 5344 7463 2618 7214 1277 6316 1372 5521 7354 8443 2681 9953 3615 869 1522 4644 9894 7208 5190 5093 2246 2020 3421 3024 2080 5720 3095 9355 4438 657 651 7559 4142 3687 2537 4412 46 388 4541 1153 9610 6414 488 1311 9438 9101 1356 8062 9981 1619 3032 2663 7143 8405 1729 5402 5880 5688 6636 514 641 1209 1570 9341 8947 7010 3645 162 9176 2454 9188 7182 1079 2987 7805 5184 6947 9025 5257
6 8718 4868 7318 4168 2378 9282
8 8019 4869 3119 4169 5919 6969 3423 8044
9 1720 1370 4870 8020 6970 9770 5570 6620 8315
9 4171 1721 7671 4521 3121 3471 1371 6621 9771
10 5222 4522 1722 5922 6972 2072 1022 9413 9111 8039
8 3823 5223 3473 4523 5923 4873 9073 8023
22 1374 9424 5924 5224 2424 1024 8024 8724 3124 159 3179 4701 9104 330 9756 7042 7752 5815 8906 653 4976 3412
11 3125 8375 2075 9425 9075 9775 3825 4525 1599 773 8896
9 2076 5926 6276 4526 9426 7326 3491 6781 8078
6 5227 677 327 2427 9077 9215
7 9778 328 4878 6628 1378 1938 2648
9 2779 329 679 1379 2079 5229 8551 4115 1711
7 9430 5580 9080 8730 3830 7313 8653
5 331 681 1031 3831 666
8 3832 6282 2782 1382 6632 2823 1833 2847
9 3483 8033 2083 9783 333 3833 2433 6891 3877
9 8734 334 9784 5584 6984 4184 7684 4852 1764
31 685 8385 7335 1385 5235 1035 3485 2085 5703 7047 5467 3681 910 7581 7894 9286 2323 6123 4355 1575 7607 8798 8462 8418 5058 5478 3300 238 8532 466 3430
7 8036 3836 1036 9436 3486 2586 3815
8 1037 9087 7337 5937 4473 8085 6021 1359
9 2438 6988 1738 7338 2788 8388 3488 994 6683
10 4539 5239 5939 8389 339 9089 7689 5589 8246 4634
7 7340 3490 2790 5590 7690 2090 9090
9 9441 3841 4191 2441 3141 1741 8858 6229 3198
15 2092 6992 5942 6292 8392 9442 3492 2792 5557 1424 3765 7402 3899 928 7060
8 2093 4543 6643 4893 9093 3143 1043 9443
6 7344 3144 9794 6994 1744 9094
8 3145 4195 4545 345 9670 1048 7735 2711
7 1746 8746 5946 2446 5246 8396 7760
474 5947 3497 2447 2097 6297 8397 2797 8747 9797 6647 9447 5597 9336 6888 2777 3921 961 1863 3582 5226 2578 1220 6382 9621 2051 3268 1422 236 3455 6452 132 6007 3716 8046 7723 8022 208 1784 3871 2415 6746 8754 4158 7960 8966 2558 7468 871 1149 7299 9182 1104 1759 5784 185 6084 4385 4401 4325 3251 5175 8448 9773 2262 6993 8437 430 232 3390 4672 6218 3009 4834 8604 9140 9728 1206 4382 7645 1242 2450 8732 9648 8892 2840 4003 4475 3244 7546 7840 9609 4134 8862 9264 454 720 798 2602 3441 8812 1173 8826 1481 5443 9057 1561 1871 3894 5081 6908 4511 6739 7269 7535 8192 1521 3586 4667 5994 7749 1112 4518 5761 6222 7524 898 1393 3017 7212 9946 1405 1431 4582 7407 7548 7837 3362 744 1543 2533 6356 890 1740 1794 3137 4198 5253 6370 7913 8294 18 1227 1122 2219 2420 5628 7586 1906 2642 5677 6327 6427 8818 3726 7978 4631 1796 2226 5186 6594 8695 9314 1343 5457 9780 9843 2866 3211 3555 4450 5901 5962 9000 88 973 2027 2283 4203 6665 8501 8920 9272 9405 1582 2674 7564 7971 8002 8163 755 1301 6024 6454 6593 8489 3317 4970 7703 885 7635 369 2561 9160 880 2255 4648 5220 8025 1094 6862 9497 6336 7604 2050 2321 2683 4148 5913 6911 2621 2828 4911 5694 9969 583 1732 7051 1748 4892 5960 6268 438 1463 7044 2094 8159 3595 4352 7677 712 1480 2507 5204 5401 5743 7649 360 1603 2088 7348 8182 8208 9312 326 1089 5327 8486 9203 9326 3022 4630 5548 7391 8304 8611 9074 1068 3816 4026 4459 8436 5211 924 2348 3191 3484 3824 6068 518 2706 8750 955 2180 6518 9959 19 6014 7500 1467 7334 2333 4496 5957 2958 7619 233 2364 2553 6742 731 1979 5091 6914 7853 2437 3011 246 5338 2007 5927 4445 24 4693 4113 4918 7951 2451 8031 4778 8902 2626 2901 1381 2598 9866 6095 7241 7294 6955 2460 8923 4212 1936 4353 7104 1445 1459 9364 9626 3189 2100 5161 4680 6645 9301 3437 8743 4848 2945 6707 9681 2030 1962 6612 390 6043 2178 8998 6320 8357 5643 2806 5000 6441 503 2675 4347 7302 2714 891 2065 3990 4421 6991 3271 2380 6565 6607 1159 6682 4620 644 801 3752 8435 2705 3538 2567 4419 3088 5137 9100 4787 8843 6777 2686 4430 3599 3857 166 9577 7763 2848 5541 8550 9319 9573 1857 5255 2404 5141 6345 7948 2287 2898 8658 2951 1213 6078 7035 1361 6360 5539 1953 8487 8416 4740 3067 8457 9557 5787 7593 4206 7940 7248 8600 4424 370 9564 7139 1297 145 7456 4451 7422 788 9827 9698 9911 697 4841 763 9700 6477 6832 7386 5432 4274 7376 5515 2189 9388 9255 4256
7 348 7698 3848 4548 8450 701 5262
14 1399 6299 9099 9799 5949 5599 9449 9662 5049 7397 68 4507 1066 1779